20150815 00:00_[6329, 8567, 6355, 1242]
20150815 00:01_[4442, 2037, 2788, 1591]
20150815 00:02_[6599, 6942, 6776, 6145]
20150815 00:03_[8951, 8095, 8571, 7611]
20150815 00:04_[2345, 2105, 5340, 8473]
20150815 00:05_[3782, 3622, 7612, 1075]
20150815 00:06_[1418, 2936, 8590, 9374]
20150815 00:07_[8370, 1443, 9662, 5096]
20150815 00:08_[3822, 3391, 4557, 2842]
20150815 00:09_[2199, 9166, 1797, 3425]
20150815 00:10_[4035, 5347, 3389, 3964]
20150815 00:11_[6896, 9765, 8134, 3070]
20150815 00:12_[3782, 4286, 1286, 1908]
20150815 00:13_[8277, 4625, 1978, 6429]
20150815 00:14_[2075, 5503, 1516, 6874]
20150815 00:15_[8904, 7173, 8584, 5859]
20150815 00:16_[4055, 3588, 3095, 7744]
20150815 00:17_[4584, 7097, 4919, 4584]
20150815 00:18_[5569, 1688, 8778, 1222]
20150815 00:19_[3328, 8000, 4679, 2749]
20150815 00:20_[4291, 3716, 6440, 2501]
20150815 00:21_[7897, 1564, 9127, 8606]
20150815 00:22_[1583, 2945, 6682, 8116]
20150815 00:23_[7052, 4939, 3956, 5317]
20150815 00:24_[1834, 3596, 2444, 7152]
20150815 00:25_[3280, 1536, 8731, 6232]
20150815 00:26_[7373, 9552, 8761, 7930]
20150815 00:27_[1203, 7018, 1082, 9743]
20150815 00:28_[8650, 1738, 9926, 2634]
20150815 00:29_[6620, 3040, 9976, 9499]
20150815 00:30_[5949, 7891, 4909, 6199]
20150815 00:31_[9424, 6413, 7166, 2855]
20150815 00:32_[4663, 6509, 2180, 2906]
20150815 00:33_[1616, 1156, 3572, 7530]
20150815 00:34_[3225, 7634, 2691, 3874]
20150815 00:35_[1967, 3526, 3723, 7868]
20150815 00:36_[3762, 7438, 7719, 8462]
20150815 00:37_[1817, 1827, 8370, 4100]
20150815 00:38_[7523, 2337, 8545, 5582]
20150815 00:39_[6637, 5586, 3110, 2782]
20150815 00:40_[7278, 5596, 8261, 5109]
20150815 00:41_[6143, 7895, 1772, 6976]
20150815 00:42_[7393, 1766, 5501, 6768]
20150815 00:43_[9316, 3402, 2131, 2330]
20150815 00:44_[1980, 7044, 9263, 2834]
20150815 00:45_[6163, 1325, 5391, 8880]
20150815 00:46_[3012, 8205, 5035, 4865]
20150815 00:47_[4887, 1558, 5883, 1966]
20150815 00:48_[1311, 8285, 8706, 2216]
20150815 00:49_[5414, 4820, 2980, 3413]
20150815 00:50_[3515, 1588, 3968, 4185]
20150815 00:51_[8946, 7583, 3398, 3344]
20150815 00:52_[1644, 4408, 9183, 8898]
20150815 00:53_[1988, 9277, 6699, 4365]
20150815 00:54_[4038, 2525, 9477, 3948]
20150815 00:55_[2526, 8382, 2791, 3382]
20150815 00:56_[4531, 7541, 5239, 1325]
20150815 00:57_[5475, 3492, 3229, 8379]
20150815 00:58_[1608, 2104, 8045, 3475]
20150815 00:59_[3637, 9047, 3016, 1258]
20150815 01:00_[2028, 9290, 3585, 2775]
20150815 01:01_[7828, 5089, 2950, 9412]
20150815 01:02_[8771, 3490, 9621, 5982]
20150815 01:03_[7239, 9739, 5373, 5669]
20150815 01:04_[1415, 4541, 3169, 1203]
20150815 01:05_[4153, 3058, 3305, 5528]
20150815 01:06_[1974, 4279, 4356, 8235]
20150815 01:07_[1674, 5086, 9288, 7060]
20150815 01:08_[8593, 9047, 2383, 6560]
20150815 01:09_[3290, 5849, 7928, 7746]
20150815 01:10_[1638, 6704, 6908, 6203]
20150815 01:11_[2430, 2651, 9713, 7374]
20150815 01:12_[9194, 6320, 4021, 8470]
20150815 01:13_[7212, 9191, 2348, 7241]
20150815 01:14_[4659, 3965, 1544, 5061]
20150815 01:15_[8898, 6550, 3644, 2288]
20150815 01:16_[4169, 1834, 1827, 9305]
20150815 01:17_[5865, 6337, 6249, 1627]
20150815 01:18_[4429, 5469, 3675, 2455]
20150815 01:19_[1521, 3974, 1951, 4467]
20150815 01:20_[2749, 5399, 3479, 8404]
20150815 01:21_[2353, 3333, 6566, 8266]
20150815 01:22_[5273, 1912, 1336, 5805]
20150815 01:23_[1365, 1651, 8786, 7567]
20150815 01:24_[7107, 5602, 1987, 9991]
20150815 01:25_[6600, 6558, 3846, 7501]
20150815 01:26_[8123, 9812, 6819, 1212]
20150815 01:27_[1241, 9558, 7997, 6616]
20150815 01:28_[4735, 4524, 5652, 2802]
20150815 01:29_[9807, 9085, 6670, 8158]
20150815 01:30_[3074, 4666, 3866, 9668]
20150815 01:31_[5073, 7988, 6376, 3363]
20150815 01:32_[3601, 1659, 9026, 3549]
20150815 01:33_[1341, 6688, 6865, 5307]
20150815 01:34_[5732, 9196, 2734, 9452]
20150815 01:35_[1002, 5721, 7546, 9626]
20150815 01:36_[9650, 1092, 9597, 6476]
20150815 01:37_[4076, 9960, 7370, 1504]
20150815 01:38_[8477, 6599, 6207, 1883]
20150815 01:39_[9016, 1426, 6338, 4793]
20150815 01:40_[3905, 7509, 3191, 7217]
20150815 01:41_[9823, 5917, 2435, 9168]
20150815 01:42_[9513, 8612, 3151, 5132]
20150815 01:43_[1073, 4563, 2728, 5617]
20150815 01:44_[4631, 9298, 9788, 5800]
20150815 01:45_[3884, 6295, 7054, 6813]
20150815 01:46_[5748, 6025, 5853, 9965]
20150815 01:47_[1759, 5189, 3272, 3587]
20150815 01:48_[2935, 2491, 6180, 6172]
20150815 01:49_[8161, 1872, 4368, 1445]
20150815 01:50_[9866, 7969, 8466, 4062]
20150815 01:51_[2198, 4735, 6791, 7741]
20150815 01:52_[6393, 3428, 1644, 7792]
20150815 01:53_[8343, 3770, 2012, 6964]
20150815 01:54_[2557, 4430, 4080, 1445]
20150815 01:55_[3405, 6311, 7604, 1685]
20150815 01:56_[9942, 5904, 2439, 4233]
20150815 01:57_[5044, 9286, 9366, 6025]
20150815 01:58_[5657, 2664, 5184, 5515]
20150815 01:59_[9534, 7973, 6268, 5717]
20150815 02:00_[3407, 9943, 5745, 4350]
20150815 02:01_[7849, 6238, 2570, 3984]
20150815 02:02_[3675, 5713, 8738, 8511]
20150815 02:03_[5661, 6640, 3074, 1803]
20150815 02:04_[8269, 2183, 7145, 8663]
20150815 02:05_[9639, 5830, 7162, 5546]
20150815 02:06_[1882, 5164, 7651, 4989]
20150815 02:07_[6164, 5507, 7692, 6786]
20150815 02:08_[9851, 3082, 1572, 8521]
20150815 02:09_[3586, 2113, 9710, 7483]
20150815 02:10_[9484, 6385, 8452, 9198]
20150815 02:11_[4779, 6438, 4404, 9490]
20150815 02:12_[5441, 5746, 2977, 7796]
20150815 02:13_[4219, 7261, 3960, 3239]
20150815 02:14_[7326, 2716, 9263, 2824]
20150815 02:15_[8050, 9655, 4839, 4475]
20150815 02:16_[6855, 8340, 1896, 4689]
20150815 02:17_[1655, 2992, 1685, 8867]
20150815 02:18_[5469, 6550, 3362, 7160]
20150815 02:19_[5315, 6287, 6404, 8137]
20150815 02:20_[3944, 3932, 4646, 2493]
20150815 02:21_[9182, 2785, 9301, 3098]
20150815 02:22_[9904, 2783, 4184, 4872]
20150815 02:23_[1460, 4032, 1217, 2205]
20150815 02:24_[6605, 8342, 2000, 9329]
20150815 02:25_[3983, 5758, 6508, 6765]
20150815 02:26_[7079, 1245, 7353, 5909]
20150815 02:27_[6995, 6272, 8142, 9481]
20150815 02:28_[9160, 9428, 1202, 7417]
20150815 02:29_[7102, 9589, 5523, 6744]
20150815 02:30_[9772, 6604, 9418, 6697]
20150815 02:31_[8799, 3977, 3448, 7542]
20150815 02:32_[4790, 8392, 8609, 9425]
20150815 02:33_[9096, 7870, 2544, 5242]
20150815 02:34_[3906, 1407, 3217, 2981]
20150815 02:35_[9857, 8787, 9018, 1597]
20150815 02:36_[7328, 7757, 4672, 9497]
20150815 02:37_[2401, 3353, 8376, 7579]
20150815 02:38_[9381, 9121, 2739, 6604]
20150815 02:39_[9057, 5182, 2664, 8171]
20150815 02:40_[4091, 8653, 8643, 9247]
20150815 02:41_[5426, 6157, 1127, 6366]
20150815 02:42_[3656, 4954, 8017, 4849]
20150815 02:43_[8605, 7217, 2037, 9979]
20150815 02:44_[1832, 2247, 5095, 7729]
20150815 02:45_[4477, 6478, 8761, 6890]
20150815 02:46_[6099, 2019, 4555, 5844]
20150815 02:47_[2948, 5365, 8610, 1540]
20150815 02:48_[9775, 3283, 1741, 3387]
20150815 02:49_[5382, 4143, 7368, 1562]
20150815 02:50_[5711, 1183, 8054, 4478]
20150815 02:51_[2316, 3854, 3820, 7776]
20150815 02:52_[1744, 1174, 9243, 1666]
20150815 02:53_[9338, 3450, 3426, 9173]
20150815 02:54_[8036, 8988, 9365, 7138]
20150815 02:55_[6474, 7872, 1563, 3452]
20150815 02:56_[1484, 3056, 4682, 5343]
20150815 02:57_[8535, 7077, 2160, 8839]
20150815 02:58_[3975, 2079, 6501, 6667]
20150815 02:59_[5704, 8938, 4125, 7869]
20150815 03:00_[9539, 9904, 8362, 9262]
20150815 03:01_[1103, 1112, 5463, 5374]
20150815 03:02_[7221, 9272, 5898, 9457]
20150815 03:03_[4586, 5650, 7291, 3651]
20150815 03:04_[7452, 1974, 4706, 3372]
20150815 03:05_[9009, 7007, 8157, 9709]
20150815 03:06_[5151, 4457, 1586, 9886]
20150815 03:07_[6477, 5049, 6000, 9549]
20150815 03:08_[6407, 6274, 8153, 8690]
20150815 03:09_[5142, 7083, 8113, 6519]
20150815 03:10_[2110, 8499, 7097, 6449]
20150815 03:11_[2374, 9217, 3949, 3643]
20150815 03:12_[1020, 7336, 3337, 6315]
20150815 03:13_[9377, 5966, 7486, 9760]
20150815 03:14_[5036, 9923, 3977, 2493]
20150815 03:15_[2104, 8760, 4475, 1513]
20150815 03:16_[1958, 5055, 6379, 8398]
20150815 03:17_[6988, 1980, 2799, 7165]
20150815 03:18_[7279, 3771, 2525, 9940]
20150815 03:19_[4786, 3764, 9522, 9851]
20150815 03:20_[6622, 4631, 3355, 8358]
20150815 03:21_[4859, 4285, 6125, 4009]
20150815 03:22_[4296, 8696, 3908, 5853]
20150815 03:23_[5647, 8046, 9953, 8760]
20150815 03:24_[5914, 6408, 6378, 2485]
20150815 03:25_[5421, 1661, 7304, 7923]
20150815 03:26_[8891, 4582, 4873, 3941]
20150815 03:27_[8736, 2774, 6557, 4607]
20150815 03:28_[6294, 7486, 1748, 4441]
20150815 03:29_[6203, 4329, 2734, 6371]
20150815 03:30_[5240, 5304, 4067, 9601]
20150815 03:31_[5043, 8929, 2858, 6770]
20150815 03:32_[9800, 2589, 2269, 7529]
20150815 03:33_[1769, 3843, 1443, 1305]
20150815 03:34_[1730, 7138, 4812, 2491]
20150815 03:35_[4914, 6638, 9727, 6371]
20150815 03:36_[8592, 2322, 7889, 7537]
20150815 03:37_[9275, 2123, 5225, 8066]
20150815 03:38_[7705, 9893, 9813, 8171]
20150815 03:39_[5507, 6862, 9003, 5686]
20150815 03:40_[7887, 3673, 1387, 3150]
20150815 03:41_[6210, 7683, 3323, 3266]
20150815 03:42_[6211, 2513, 9269, 1571]
20150815 03:43_[3391, 2466, 6773, 7312]
20150815 03:44_[1218, 1740, 3416, 8893]
20150815 03:45_[3935, 6075, 8498, 3063]
20150815 03:46_[4280, 2201, 2719, 5956]
20150815 03:47_[9349, 1175, 4821, 3337]
20150815 03:48_[9041, 7032, 4152, 1671]
20150815 03:49_[9847, 2845, 9792, 2868]
20150815 03:50_[5256, 5269, 3852, 4427]
20150815 03:51_[5760, 6404, 8516, 7856]
20150815 03:52_[9778, 5581, 9640, 6771]
20150815 03:53_[3215, 4884, 8788, 9053]
20150815 03:54_[9967, 3495, 7812, 6988]
20150815 03:55_[1367, 5145, 4074, 7336]
20150815 03:56_[6950, 1412, 7698, 3359]
20150815 03:57_[3545, 4178, 1996, 3204]
20150815 03:58_[3876, 1183, 3741, 8264]
20150815 03:59_[7306, 6147, 4313, 8110]
20150815 04:00_[4529, 7067, 6782, 1799]
20150815 04:01_[5637, 8570, 6209, 2381]
20150815 04:02_[4430, 6545, 8230, 5314]
20150815 04:03_[7358, 7159, 1515, 3208]
20150815 04:04_[9626, 1496, 4035, 3305]
20150815 04:05_[4781, 6968, 8175, 8788]
20150815 04:06_[7942, 4263, 4896, 3125]
20150815 04:07_[9396, 8754, 9616, 5459]
20150815 04:08_[9130, 8198, 2268, 1914]
20150815 04:09_[5806, 8400, 9179, 2584]
20150815 04:10_[7495, 6629, 9162, 4052]
20150815 04:11_[1493, 4805, 2025, 8314]
20150815 04:12_[1013, 9359, 2408, 3288]
20150815 04:13_[2555, 7992, 7268, 1055]
20150815 04:14_[9413, 6437, 5597, 1495]
20150815 04:15_[4746, 5572, 5052, 5508]
20150815 04:16_[3564, 5043, 4749, 2251]
20150815 04:17_[6598, 3505, 3531, 4266]
20150815 04:18_[7043, 4464, 9450, 4096]
20150815 04:19_[6932, 5280, 4422, 1296]
20150815 04:20_[1512, 1440, 5656, 1441]
20150815 04:21_[1710, 6923, 4580, 6083]
20150815 04:22_[4540, 4622, 7829, 3737]
20150815 04:23_[2170, 6472, 1371, 6666]
20150815 04:24_[9767, 2561, 1605, 2455]
20150815 04:25_[4859, 2436, 3108, 4859]
20150815 04:26_[5309, 8395, 2061, 1394]
20150815 04:27_[9044, 8857, 6218, 6455]
20150815 04:28_[3064, 1385, 4146, 1730]
20150815 04:29_[4049, 6566, 9341, 1731]
20150815 04:30_[1813, 9591, 7338, 4691]
20150815 04:31_[9657, 4087, 7907, 5278]
20150815 04:32_[7645, 3739, 3796, 6257]
20150815 04:33_[4182, 5850, 1822, 6767]
20150815 04:34_[7590, 6337, 1935, 3124]
20150815 04:35_[8596, 6082, 6398, 4199]
20150815 04:36_[2283, 5281, 3420, 8093]
20150815 04:37_[7942, 1398, 1798, 4506]
20150815 04:38_[4143, 9287, 3168, 7635]
20150815 04:39_[3761, 5007, 1195, 3124]
20150815 04:40_[2988, 5243, 6186, 1395]
20150815 04:41_[6496, 3693, 3151, 6966]
20150815 04:42_[6427, 6563, 7140, 4039]
20150815 04:43_[3120, 9227, 7416, 8732]
20150815 04:44_[5493, 2951, 8303, 4927]
20150815 04:45_[9748, 1079, 9385, 9434]
20150815 04:46_[3340, 5631, 6219, 5145]
20150815 04:47_[6346, 9630, 1046, 5285]
20150815 04:48_[5571, 4210, 5235, 3636]
20150815 04:49_[8252, 3197, 4471, 9382]
20150815 04:50_[1119, 4452, 5852, 6900]
20150815 04:51_[6770, 7507, 4606, 6623]
20150815 04:52_[2916, 4387, 8238, 4599]
20150815 04:53_[2704, 3011, 5892, 1955]
20150815 04:54_[7489, 8295, 6584, 2237]
20150815 04:55_[5810, 5466, 7882, 4988]
20150815 04:56_[3336, 4620, 3975, 9166]
20150815 04:57_[7930, 9360, 4933, 6716]
20150815 04:58_[2365, 7628, 8139, 2831]
20150815 04:59_[2358, 9697, 4553, 5738]
20150815 05:00_[1906, 2548, 3264, 5032]
20150815 05:01_[8595, 1801, 6403, 2759]
20150815 05:02_[1238, 8261, 5286, 2739]
20150815 05:03_[2839, 7636, 7496, 4161]
20150815 05:04_[8401, 3534, 1979, 6618]
20150815 05:05_[6207, 5643, 9615, 1904]
20150815 05:06_[1284, 3635, 3602, 7357]
20150815 05:07_[3224, 3948, 2624, 1035]
20150815 05:08_[8469, 2525, 2635, 6680]
20150815 05:09_[9636, 9014, 9731, 4959]
20150815 05:10_[2571, 3362, 5372, 3923]
20150815 05:11_[8245, 6672, 8488, 6161]
20150815 05:12_[6859, 6754, 7237, 2940]
20150815 05:13_[3939, 6242, 4556, 3443]
20150815 05:14_[6085, 8549, 6221, 4185]
20150815 05:15_[6776, 2721, 9991, 5840]
20150815 05:16_[4385, 3659, 4062, 2784]
20150815 05:17_[1880, 8575, 5843, 7542]
20150815 05:18_[9991, 8842, 5367, 8386]
20150815 05:19_[9232, 6645, 2142, 3733]
20150815 05:20_[4769, 7345, 1253, 1617]
20150815 05:21_[8820, 3859, 7690, 9397]
20150815 05:22_[8973, 9393, 8797, 7815]
20150815 05:23_[4323, 3575, 8630, 3447]
20150815 05:24_[3923, 7962, 8616, 4413]
20150815 05:25_[4468, 7147, 1205, 1367]
20150815 05:26_[4640, 9443, 3758, 5614]
20150815 05:27_[4352, 7134, 6102, 7346]
20150815 05:28_[3178, 7956, 3001, 2455]
20150815 05:29_[8633, 5887, 5421, 8698]
20150815 05:30_[7883, 9544, 7755, 7497]
20150815 05:31_[5397, 9502, 7610, 5235]
20150815 05:32_[1502, 2853, 5420, 6744]
20150815 05:33_[7361, 2052, 8273, 8854]
20150815 05:34_[9836, 3338, 4518, 6170]
20150815 05:35_[7078, 1273, 3083, 1229]
20150815 05:36_[9092, 3289, 8302, 6435]
20150815 05:37_[7087, 4807, 3578, 9575]
20150815 05:38_[3167, 5429, 4625, 5913]
20150815 05:39_[7232, 2551, 5370, 9136]
20150815 05:40_[9937, 9107, 2351, 8015]
20150815 05:41_[2970, 2999, 3298, 6372]
20150815 05:42_[9460, 9229, 6648, 2775]
20150815 05:43_[3593, 8318, 4073, 5978]
20150815 05:44_[5311, 1040, 9734, 8406]
20150815 05:45_[7391, 5709, 3047, 8667]
20150815 05:46_[2141, 5373, 2203, 9388]
20150815 05:47_[8055, 9811, 6607, 5272]
20150815 05:48_[8129, 6042, 5615, 9001]
20150815 05:49_[6571, 7502, 6819, 4206]
20150815 05:50_[2753, 8842, 2343, 2473]
20150815 05:51_[5206, 9283, 4690, 4331]
20150815 05:52_[4262, 1429, 7046, 2970]
20150815 05:53_[2415, 4016, 7514, 5643]
20150815 05:54_[9542, 1630, 3493, 1897]
20150815 05:55_[5023, 9586, 2327, 2692]
20150815 05:56_[2698, 3382, 5722, 5672]
20150815 05:57_[1666, 6496, 8738, 3947]
20150815 05:58_[3585, 3502, 4063, 8859]
20150815 05:59_[1143, 4147, 8141, 9915]
20150815 06:00_[5337, 3196, 6893, 3754]
20150815 06:01_[6151, 6106, 2621, 9195]
20150815 06:02_[7608, 7531, 7887, 3343]
20150815 06:03_[6838, 8129, 7168, 1717]
20150815 06:04_[1408, 6144, 1593, 1067]
20150815 06:05_[6321, 7933, 7563, 9556]
20150815 06:06_[4760, 7773, 8328, 1927]
20150815 06:07_[3829, 5758, 3177, 7719]
20150815 06:08_[3490, 7529, 2505, 7220]
20150815 06:09_[1686, 7069, 4762, 7941]
20150815 06:10_[7530, 5675, 2204, 1561]
20150815 06:11_[3531, 4725, 5761, 6820]
20150815 06:12_[8502, 2548, 1713, 3329]
20150815 06:13_[5129, 7791, 2778, 8850]
20150815 06:14_[8119, 2879, 5550, 9571]
20150815 06:15_[8783, 7410, 5602, 1883]
20150815 06:16_[1293, 3705, 1491, 2472]
20150815 06:17_[1667, 7636, 7890, 4938]
20150815 06:18_[2526, 4661, 5185, 3968]
20150815 06:19_[6833, 2399, 8401, 7506]
20150815 06:20_[7836, 2356, 2902, 7296]
20150815 06:21_[7303, 6615, 5922, 3640]
20150815 06:22_[4836, 6320, 2868, 3903]
20150815 06:23_[9329, 7438, 2044, 7773]
20150815 06:24_[3019, 1694, 5262, 9919]
20150815 06:25_[1938, 8669, 8299, 2257]
20150815 06:26_[8787, 2667, 7183, 2878]
20150815 06:27_[3021, 6609, 7640, 9727]
20150815 06:28_[9962, 9509, 3082, 7238]
20150815 06:29_[6755, 9818, 8610, 4688]
20150815 06:30_[4308, 4264, 6834, 3844]
20150815 06:31_[7771, 4100, 2679, 3314]
20150815 06:32_[6034, 3507, 1446, 3711]
20150815 06:33_[2451, 2818, 4380, 8739]
20150815 06:34_[1188, 7819, 6982, 3310]
20150815 06:35_[7113, 8801, 9045, 4889]
20150815 06:36_[4199, 2104, 6164, 6683]
20150815 06:37_[8983, 7953, 4232, 3450]
20150815 06:38_[1974, 8915, 1163, 9844]
20150815 06:39_[3821, 6638, 4414, 9487]
20150815 06:40_[6731, 3621, 4283, 2742]
20150815 06:41_[4022, 7340, 9839, 1098]
20150815 06:42_[9634, 6541, 2865, 6669]
20150815 06:43_[8935, 5525, 7618, 2011]
20150815 06:44_[4329, 2660, 1906, 5096]
20150815 06:45_[4669, 4272, 1941, 5581]
20150815 06:46_[8725, 1062, 5609, 2893]
20150815 06:47_[7704, 5363, 6782, 8417]
20150815 06:48_[7108, 7201, 1767, 2658]
20150815 06:49_[6210, 6838, 1600, 3542]
20150815 06:50_[8001, 8669, 5393, 9132]
20150815 06:51_[3076, 2112, 8103, 5073]
20150815 06:52_[5163, 7131, 5730, 6831]
20150815 06:53_[9530, 3041, 6758, 7977]
20150815 06:54_[2081, 6944, 7755, 4265]
20150815 06:55_[9472, 2635, 9320, 2719]
20150815 06:56_[8409, 6480, 5557, 7913]
20150815 06:57_[5962, 6169, 1255, 2531]
20150815 06:58_[7995, 6744, 2269, 2985]
20150815 06:59_[3768, 1693, 4241, 2767]
20150815 07:00_[5604, 5956, 1685, 5070]
20150815 07:01_[2129, 9794, 3102, 5066]
20150815 07:02_[5754, 1944, 7233, 7803]
20150815 07:03_[1463, 6559, 2236, 7961]
20150815 07:04_[2040, 2452, 7662, 7221]
20150815 07:05_[5369, 6688, 9831, 9025]
20150815 07:06_[5936, 2881, 8146, 1562]
20150815 07:07_[5377, 1959, 3317, 8089]
20150815 07:08_[8871, 4074, 6312, 8695]
20150815 07:09_[1867, 2255, 1250, 2661]
20150815 07:10_[8506, 3026, 6467, 1766]
20150815 07:11_[5615, 6719, 3562, 1258]
20150815 07:12_[2514, 7873, 7853, 6242]
20150815 07:13_[3435, 1044, 1575, 1290]
20150815 07:14_[7070, 1025, 6429, 4475]
20150815 07:15_[3507, 2776, 2126, 8106]
20150815 07:16_[6750, 6174, 1345, 7740]
20150815 07:17_[2870, 2731, 6114, 6585]
20150815 07:18_[8254, 9858, 1321, 9622]
20150815 07:19_[8807, 5000, 6465, 8939]
20150815 07:20_[8951, 9086, 6602, 6673]
20150815 07:21_[9393, 5425, 5479, 2866]
20150815 07:22_[1205, 9742, 9902, 4505]
20150815 07:23_[5913, 4635, 4024, 3077]
20150815 07:24_[9716, 2823, 6695, 5199]
20150815 07:25_[4953, 2993, 1721, 2073]
20150815 07:26_[5634, 8767, 6412, 9156]
20150815 07:27_[7170, 3058, 6347, 3445]
20150815 07:28_[5360, 9472, 6564, 7127]
20150815 07:29_[2539, 2159, 4389, 8320]
20150815 07:30_[2652, 3093, 6554, 2021]
20150815 07:31_[2095, 6033, 2461, 8168]
20150815 07:32_[1840, 3666, 1329, 2770]
20150815 07:33_[3966, 5476, 9257, 9998]
20150815 07:34_[8901, 6565, 6701, 2356]
20150815 07:35_[1338, 3765, 6422, 7439]
20150815 07:36_[9179, 6255, 8257, 8807]
20150815 07:37_[4519, 3950, 6910, 3161]
20150815 07:38_[8094, 3461, 7243, 2631]
20150815 07:39_[5818, 4687, 9224, 1807]
20150815 07:40_[6377, 6048, 6994, 6857]
20150815 07:41_[6159, 9273, 9585, 9143]
20150815 07:42_[2930, 5530, 2645, 1354]
20150815 07:43_[8994, 4397, 3142, 2387]
20150815 07:44_[4609, 8424, 2153, 5571]
20150815 07:45_[8484, 5363, 2606, 6063]
20150815 07:46_[1020, 8865, 3456, 8359]
20150815 07:47_[1514, 2797, 6622, 1062]
20150815 07:48_[6019, 1887, 1568, 2001]
20150815 07:49_[7371, 9438, 7280, 1246]
20150815 07:50_[3876, 5037, 5176, 4450]
20150815 07:51_[2579, 3911, 1856, 5089]
20150815 07:52_[8002, 5122, 4039, 2240]
20150815 07:53_[6685, 8859, 1403, 5975]
20150815 07:54_[5430, 4277, 3388, 1127]
20150815 07:55_[5576, 4047, 6419, 1599]
20150815 07:56_[9563, 5082, 2513, 2620]
20150815 07:57_[2263, 6602, 9334, 9749]
20150815 07:58_[9131, 6611, 2672, 6750]
20150815 07:59_[3595, 3235, 4052, 9405]
20150815 08:00_[9099, 3727, 6229, 6055]
20150815 08:01_[5615, 3652, 2387, 7884]
20150815 08:02_[2253, 8423, 1870, 7948]
20150815 08:03_[6058, 3027, 5344, 8900]
20150815 08:04_[4021, 1896, 3284, 2134]
20150815 08:05_[2444, 3929, 2762, 7968]
20150815 08:06_[6278, 4302, 6121, 5446]
20150815 08:07_[7586, 3657, 5683, 2760]
20150815 08:08_[9834, 7951, 5415, 9054]
20150815 08:09_[1621, 8764, 4486, 7929]
20150815 08:10_[6887, 1609, 4688, 5820]
20150815 08:11_[9094, 7395, 8473, 5130]
20150815 08:12_[2227, 8384, 6486, 2188]
20150815 08:13_[6903, 9752, 4791, 8993]
20150815 08:14_[3410, 2558, 7570, 4493]
20150815 08:15_[2488, 2783, 2929, 4142]
20150815 08:16_[6941, 5565, 5053, 3094]
20150815 08:17_[5726, 7006, 5885, 2405]
20150815 08:18_[2384, 1910, 2672, 6364]
20150815 08:19_[5221, 8420, 7772, 6121]
20150815 08:20_[6872, 5287, 5957, 8005]
20150815 08:21_[2328, 3462, 6717, 6741]
20150815 08:22_[3965, 8100, 5030, 3613]
20150815 08:23_[5429, 7604, 5857, 4449]
20150815 08:24_[3243, 9934, 9911, 1395]
20150815 08:25_[1482, 9648, 5740, 9349]
20150815 08:26_[8501, 9192, 9735, 5570]
20150815 08:27_[5990, 6031, 7018, 2029]
20150815 08:28_[5476, 3548, 5983, 4006]
20150815 08:29_[1793, 3688, 2229, 2611]
20150815 08:30_[4562, 3014, 6605, 4963]
20150815 08:31_[8552, 7849, 7572, 6267]
20150815 08:32_[7111, 8765, 9595, 6789]
20150815 08:33_[3879, 4695, 5055, 9918]
20150815 08:34_[7945, 6648, 2047, 2051]
20150815 08:35_[7572, 5853, 5115, 7842]
20150815 08:36_[3049, 2240, 1500, 1594]
20150815 08:37_[7586, 4481, 5032, 6353]
20150815 08:38_[3332, 3835, 2500, 8463]
20150815 08:39_[8322, 9234, 3683, 3074]
20150815 08:40_[4364, 8067, 4877, 1705]
20150815 08:41_[3646, 6439, 2351, 7332]
20150815 08:42_[4120, 8827, 6738, 6176]
20150815 08:43_[3175, 4387, 3776, 1109]
20150815 08:44_[8075, 5549, 5069, 8656]
20150815 08:45_[1074, 6376, 1023, 4980]
20150815 08:46_[4497, 4008, 5197, 4363]
20150815 08:47_[3743, 2145, 1247, 7695]
20150815 08:48_[9998, 6136, 1794, 7840]
20150815 08:49_[9226, 1202, 6897, 1683]
20150815 08:50_[1713, 5382, 1883, 7290]
20150815 08:51_[6392, 8757, 7995, 2941]
20150815 08:52_[9662, 4165, 8526, 8064]
20150815 08:53_[5951, 3211, 2643, 1090]
20150815 08:54_[6537, 5737, 3279, 9600]
20150815 08:55_[7050, 5271, 6885, 7143]
20150815 08:56_[1606, 2368, 6279, 8474]
20150815 08:57_[9704, 4150, 4579, 5738]
20150815 08:58_[2367, 8367, 8408, 9611]
20150815 08:59_[8501, 3810, 8570, 3103]
20150815 09:00_[1033, 2306, 2409, 8454]
20150815 09:01_[4752, 1057, 8741, 5646]
20150815 09:02_[7372, 9130, 5935, 9342]
20150815 09:03_[7771, 5231, 4086, 7319]
20150815 09:04_[8742, 9313, 6562, 8968]
20150815 09:05_[9630, 1596, 5759, 2669]
20150815 09:06_[3100, 1019, 2466, 9850]
20150815 09:07_[1668, 7030, 1188, 6550]
20150815 09:08_[9129, 8141, 4961, 4459]
20150815 09:09_[8007, 8924, 9130, 5075]
20150815 09:10_[5707, 7066, 7980, 2093]
20150815 09:11_[4219, 3323, 5691, 9600]
20150815 09:12_[8964, 9454, 3411, 5841]
20150815 09:13_[2210, 4401, 2757, 3962]
20150815 09:14_[9194, 9750, 8435, 7428]
20150815 09:15_[9431, 7923, 8654, 5724]
20150815 09:16_[3838, 1335, 4816, 2554]
20150815 09:17_[5080, 6058, 1446, 4269]
20150815 09:18_[1081, 4058, 3965, 8768]
20150815 09:19_[6500, 4216, 1042, 4641]
20150815 09:20_[9625, 2900, 8798, 7873]
20150815 09:21_[6303, 4461, 4799, 5693]
20150815 09:22_[7175, 1803, 2533, 9081]
20150815 09:23_[7380, 4101, 2628, 7217]
20150815 09:24_[3387, 1678, 1055, 4822]
20150815 09:25_[7572, 7915, 5553, 9516]
20150815 09:26_[3068, 1496, 2441, 2771]
20150815 09:27_[2507, 8552, 2912, 8860]
20150815 09:28_[8123, 9124, 9474, 8212]
20150815 09:29_[9620, 5309, 8826, 4452]
20150815 09:30_[3877, 7003, 8201, 6547]
20150815 09:31_[5769, 6745, 5832, 5974]
20150815 09:32_[3960, 7180, 5103, 4250]
20150815 09:33_[5280, 5351, 2528, 9999]
20150815 09:34_[7288, 4773, 1552, 1306]
20150815 09:35_[7216, 2568, 8621, 8957]
20150815 09:36_[4687, 3133, 9089, 1274]
20150815 09:37_[8495, 1811, 4050, 4473]
20150815 09:38_[7928, 6469, 1168, 6989]
20150815 09:39_[6766, 1137, 3331, 3382]
20150815 09:40_[3978, 9987, 9161, 1491]
20150815 09:41_[4214, 2008, 1460, 8165]
20150815 09:42_[7564, 5713, 6895, 7436]
20150815 09:43_[7690, 8353, 4404, 7739]
20150815 09:44_[5271, 1249, 9895, 9865]
20150815 09:45_[5749, 2274, 7615, 3975]
20150815 09:46_[6363, 2187, 9363, 5477]
20150815 09:47_[6080, 6802, 4854, 3325]
20150815 09:48_[4103, 9380, 5578, 1296]
20150815 09:49_[1307, 2837, 6492, 8291]
20150815 09:50_[3742, 9074, 3462, 6638]
20150815 09:51_[1019, 3732, 1134, 5857]
20150815 09:52_[1254, 8513, 6888, 3928]
20150815 09:53_[1092, 2660, 6777, 4639]
20150815 09:54_[9649, 6463, 4178, 1562]
20150815 09:55_[4134, 5467, 4177, 9862]
20150815 09:56_[7138, 3764, 8470, 4080]
20150815 09:57_[7646, 7952, 2653, 6457]
20150815 09:58_[6808, 6605, 3004, 3872]
20150815 09:59_[7230, 3282, 1029, 1373]
20150815 10:00_[9107, 8194, 7245, 8252]
20150815 10:01_[7189, 8078, 2470, 2945]
20150815 10:02_[4964, 6382, 1140, 4844]
20150815 10:03_[8929, 4508, 2875, 3175]
20150815 10:04_[2343, 7012, 7702, 3977]
20150815 10:05_[4693, 1185, 2565, 1058]
20150815 10:06_[5202, 6150, 9793, 9330]
20150815 10:07_[6657, 4329, 5895, 4001]
20150815 10:08_[9635, 6108, 3563, 8034]
20150815 10:09_[2649, 5687, 6764, 4378]
20150815 10:10_[4453, 3749, 5123, 6391]
20150815 10:11_[6534, 3842, 8323, 3722]
20150815 10:12_[5041, 6104, 8351, 7192]
20150815 10:13_[7011, 2877, 8048, 3853]
20150815 10:14_[2485, 3607, 6716, 2319]
20150815 10:15_[4705, 2230, 9367, 3421]
20150815 10:16_[9342, 1393, 2000, 1821]
20150815 10:17_[1325, 1340, 9114, 1126]
20150815 10:18_[5713, 1996, 1218, 4168]
20150815 10:19_[9402, 6585, 9324, 8756]
20150815 10:20_[4733, 3725, 5894, 7103]
20150815 10:21_[3104, 7544, 2998, 8958]
20150815 10:22_[5843, 4397, 4452, 3304]
20150815 10:23_[1369, 7978, 1195, 2104]
20150815 10:24_[5437, 1917, 9776, 7308]
20150815 10:25_[4289, 9669, 5884, 4762]
20150815 10:26_[3850, 3002, 4415, 8066]
20150815 10:27_[1328, 7346, 7998, 6064]
20150815 10:28_[6038, 7172, 1959, 2277]
20150815 10:29_[2172, 8710, 7031, 5481]
20150815 10:30_[3384, 4297, 1666, 2642]
20150815 10:31_[7112, 5773, 2687, 5254]
20150815 10:32_[5831, 4791, 7668, 6839]
20150815 10:33_[5652, 3958, 6741, 4122]
20150815 10:34_[6654, 5469, 8223, 3213]
20150815 10:35_[7835, 9209, 3081, 1968]
20150815 10:36_[1750, 8818, 4724, 1537]
20150815 10:37_[3910, 9234, 6075, 1275]
20150815 10:38_[9223, 1274, 2919, 8610]
20150815 10:39_[5771, 2786, 4312, 2933]
20150815 10:40_[4287, 8919, 4242, 8195]
20150815 10:41_[5125, 1232, 9131, 7458]
20150815 10:42_[3085, 8499, 3689, 6130]
20150815 10:43_[2404, 8004, 6218, 3897]
20150815 10:44_[9842, 3421, 1868, 6433]
20150815 10:45_[5213, 1501, 1501, 4631]
20150815 10:46_[7926, 6669, 6905, 7228]
20150815 10:47_[5043, 3575, 3654, 7348]
20150815 10:48_[4386, 6753, 6898, 3152]
20150815 10:49_[2446, 7864, 9575, 7876]
20150815 10:50_[9821, 9905, 8306, 5052]
20150815 10:51_[5613, 4931, 5875, 1376]
20150815 10:52_[1265, 8315, 6546, 4735]
20150815 10:53_[4552, 4135, 7328, 2641]
20150815 10:54_[9040, 8019, 3902, 9595]
20150815 10:55_[7346, 9949, 4522, 6178]
20150815 10:56_[4329, 2952, 6932, 3913]
20150815 10:57_[3631, 5558, 5157, 1432]
20150815 10:58_[1294, 7345, 4984, 2821]
20150815 10:59_[3209, 3748, 1319, 7373]
20150815 11:00_[8742, 7481, 6200, 2972]
20150815 11:01_[3927, 5695, 7087, 2454]
20150815 11:02_[9793, 6241, 3091, 5216]
20150815 11:03_[2777, 8432, 8004, 6400]
20150815 11:04_[3026, 1144, 5174, 9181]
20150815 11:05_[3311, 7665, 1413, 6335]
20150815 11:06_[7932, 5408, 5930, 4315]
20150815 11:07_[5283, 4297, 5657, 3880]
20150815 11:08_[5299, 5318, 3547, 1462]
20150815 11:09_[4365, 4043, 4345, 7210]
20150815 11:10_[7728, 6451, 2480, 2839]
20150815 11:11_[8796, 8199, 1858, 5872]
20150815 11:12_[6009, 9362, 9470, 3123]
20150815 11:13_[5958, 7786, 4184, 2966]
20150815 11:14_[5263, 6573, 3897, 3845]
20150815 11:15_[6169, 9251, 1041, 3913]
20150815 11:16_[7878, 4287, 4032, 3992]
20150815 11:17_[9478, 1560, 4758, 3704]
20150815 11:18_[3707, 6261, 9284, 1905]
20150815 11:19_[1844, 8727, 1886, 5195]
20150815 11:20_[2189, 3323, 5482, 2927]
20150815 11:21_[4173, 8738, 2571, 9183]
20150815 11:22_[5595, 7583, 4110, 2291]
20150815 11:23_[8501, 2011, 4505, 4764]
20150815 11:24_[8266, 1992, 7572, 9002]
20150815 11:25_[3000, 5291, 9696, 8758]
20150815 11:26_[6238, 5568, 8517, 4472]
20150815 11:27_[6171, 1573, 1863, 5577]
20150815 11:28_[8583, 7162, 8561, 6709]
20150815 11:29_[8043, 4962, 5090, 7136]
20150815 11:30_[3038, 1256, 8879, 7183]
20150815 11:31_[3096, 8343, 3638, 1401]
20150815 11:32_[8439, 8248, 2803, 2097]
20150815 11:33_[4760, 7333, 4180, 8456]
20150815 11:34_[2302, 4184, 4842, 6218]
20150815 11:35_[5895, 8646, 3875, 1425]
20150815 11:36_[6592, 2524, 7680, 2113]
20150815 11:37_[9716, 9989, 1449, 9330]
20150815 11:38_[8318, 2300, 1450, 3570]
20150815 11:39_[5007, 7681, 3924, 1235]
20150815 11:40_[2743, 4384, 9976, 2590]
20150815 11:41_[5201, 1641, 6588, 9591]
20150815 11:42_[3671, 5525, 1740, 5314]
20150815 11:43_[4877, 6287, 6778, 8495]
20150815 11:44_[6561, 8590, 9770, 2700]
20150815 11:45_[8795, 6048, 5942, 3282]
20150815 11:46_[6586, 5750, 3060, 3687]
20150815 11:47_[1985, 1559, 4679, 7430]
20150815 11:48_[3629, 4756, 1199, 9790]
20150815 11:49_[4636, 2857, 9205, 7579]
20150815 11:50_[1327, 2302, 9975, 1347]
20150815 11:51_[9623, 9698, 6354, 7422]
20150815 11:52_[8658, 4295, 1887, 7791]
20150815 11:53_[4018, 6044, 8129, 9903]
20150815 11:54_[4141, 3321, 1571, 4029]
20150815 11:55_[2357, 1645, 3275, 6131]
20150815 11:56_[2684, 9974, 9264, 4760]
20150815 11:57_[2144, 5453, 6811, 7389]
20150815 11:58_[4013, 8408, 8989, 7117]
20150815 11:59_[1635, 5843, 9738, 2506]
20150815 12:00_[7717, 1455, 9931, 4767]
20150815 12:01_[2346, 6664, 9041, 6321]
20150815 12:02_[7118, 4798, 1502, 8859]
20150815 12:03_[5137, 3128, 2140, 2887]
20150815 12:04_[4375, 6054, 9908, 4157]
20150815 12:05_[4542, 5060, 3076, 4443]
20150815 12:06_[4445, 3112, 7307, 5113]
20150815 12:07_[9952, 9569, 1318, 8509]
20150815 12:08_[3420, 5847, 1619, 6480]
20150815 12:09_[3467, 6312, 1885, 5794]
20150815 12:10_[4663, 7149, 2204, 2321]
20150815 12:11_[2887, 1778, 3982, 9554]
20150815 12:12_[9055, 4806, 8883, 9471]
20150815 12:13_[7737, 1866, 4248, 8225]
20150815 12:14_[4691, 7418, 7732, 8769]
20150815 12:15_[7456, 1164, 9117, 2266]
20150815 12:16_[9179, 6777, 5224, 8395]
20150815 12:17_[6345, 2706, 3632, 7503]
20150815 12:18_[5872, 7874, 4647, 7002]
20150815 12:19_[7406, 6564, 9684, 5843]
20150815 12:20_[2907, 8304, 1937, 7506]
20150815 12:21_[9975, 7305, 5743, 8476]
20150815 12:22_[8574, 3036, 3005, 6935]
20150815 12:23_[8551, 8907, 4252, 8728]
20150815 12:24_[5761, 5859, 9975, 5146]
20150815 12:25_[5955, 9777, 9583, 5149]
20150815 12:26_[6434, 6332, 9716, 8606]
20150815 12:27_[1654, 1797, 2686, 6619]
20150815 12:28_[9715, 2378, 9968, 8640]
20150815 12:29_[7873, 3570, 3606, 6850]
20150815 12:30_[5072, 3538, 3762, 9954]
20150815 12:31_[7253, 4021, 4312, 1229]
20150815 12:32_[2461, 8627, 7496, 9151]
20150815 12:33_[8598, 4405, 6792, 7085]
20150815 12:34_[9032, 5560, 2125, 3021]
20150815 12:35_[8339, 5720, 4411, 8288]
20150815 12:36_[8551, 1107, 4865, 7942]
20150815 12:37_[5033, 9625, 9769, 5092]
20150815 12:38_[3988, 3385, 7852, 8920]
20150815 12:39_[7368, 1425, 5007, 7635]
20150815 12:40_[7861, 5651, 8243, 1621]
20150815 12:41_[6581, 5123, 8496, 7696]
20150815 12:42_[9949, 1799, 9334, 4827]
20150815 12:43_[8529, 1609, 9094, 4714]
20150815 12:44_[7915, 5383, 1750, 1366]
20150815 12:45_[2004, 5645, 1226, 9107]
20150815 12:46_[8327, 4356, 1840, 8964]
20150815 12:47_[2994, 1429, 2629, 1545]
20150815 12:48_[5639, 8519, 9204, 8151]
20150815 12:49_[7825, 9725, 1197, 9985]
20150815 12:50_[4239, 3093, 4931, 7861]
20150815 12:51_[4763, 9947, 2411, 8414]
20150815 12:52_[4839, 1001, 5366, 4346]
20150815 12:53_[4665, 2199, 6068, 3997]
20150815 12:54_[3120, 1851, 1512, 3122]
20150815 12:55_[6223, 1366, 7131, 7013]
20150815 12:56_[7752, 9792, 5850, 8669]
20150815 12:57_[9127, 4682, 3239, 4681]
20150815 12:58_[3595, 4900, 6367, 6440]
20150815 12:59_[6110, 5311, 7068, 1264]
20150815 13:00_[7211, 8196, 1325, 3331]
20150815 13:01_[8497, 3106, 4335, 9873]
20150815 13:02_[7932, 2710, 3704, 5574]
20150815 13:03_[4250, 8797, 1175, 7131]
20150815 13:04_[8382, 8548, 5551, 5875]
20150815 13:05_[7644, 1245, 1574, 4866]
20150815 13:06_[3700, 2230, 7725, 8191]
20150815 13:07_[6627, 8664, 4448, 8116]
20150815 13:08_[8231, 6110, 1734, 1532]
20150815 13:09_[9381, 6183, 7421, 4393]
20150815 13:10_[1183, 3955, 7897, 3252]
20150815 13:11_[3888, 3540, 2000, 1269]
20150815 13:12_[8212, 4764, 2092, 3157]
20150815 13:13_[9200, 6922, 1195, 5756]
20150815 13:14_[4850, 2402, 3820, 6720]
20150815 13:15_[9132, 2342, 2883, 1035]
20150815 13:16_[6269, 4054, 9852, 8419]
20150815 13:17_[1884, 6605, 5791, 6854]
20150815 13:18_[2619, 1767, 9798, 5694]
20150815 13:19_[4277, 7639, 1254, 9350]
20150815 13:20_[1683, 2430, 6214, 1282]
20150815 13:21_[1982, 8532, 1097, 5149]
20150815 13:22_[5277, 9677, 1634, 2956]
20150815 13:23_[6477, 1329, 8985, 9042]
20150815 13:24_[8616, 4182, 4132, 1732]
20150815 13:25_[1748, 1504, 5128, 8428]
20150815 13:26_[4967, 9531, 2470, 2460]
20150815 13:27_[6883, 8984, 5140, 6222]
20150815 13:28_[6600, 9080, 5613, 8545]
20150815 13:29_[6731, 4403, 8007, 1364]
20150815 13:30_[5026, 1545, 5180, 1904]
20150815 13:31_[3596, 9838, 9925, 1170]
20150815 13:32_[4138, 2175, 3734, 5025]
20150815 13:33_[1612, 5276, 8010, 1797]
20150815 13:34_[4550, 5407, 7597, 7923]
20150815 13:35_[1007, 5744, 9836, 4750]
20150815 13:36_[9940, 8392, 5955, 9344]
20150815 13:37_[6405, 8270, 2168, 8374]
20150815 13:38_[4831, 4517, 8057, 4494]
20150815 13:39_[1892, 1955, 2504, 7488]
20150815 13:40_[4669, 2434, 7631, 4695]
20150815 13:41_[6300, 6329, 1227, 7069]
20150815 13:42_[3461, 3497, 6687, 6772]
20150815 13:43_[4066, 4398, 8113, 1663]
20150815 13:44_[1198, 8810, 1710, 1106]
20150815 13:45_[7677, 8475, 4415, 8795]
20150815 13:46_[3053, 1552, 9115, 3217]
20150815 13:47_[9924, 3566, 3741, 2239]
20150815 13:48_[2897, 6521, 9411, 6868]
20150815 13:49_[6107, 9305, 5202, 3940]
20150815 13:50_[6454, 4307, 8828, 7059]
20150815 13:51_[8294, 3275, 8232, 2857]
20150815 13:52_[2366, 8997, 2508, 9179]
20150815 13:53_[6064, 2350, 3679, 8865]
20150815 13:54_[6087, 2219, 4329, 2459]
20150815 13:55_[4943, 3448, 1480, 5261]
20150815 13:56_[9627, 4553, 7850, 2913]
20150815 13:57_[5934, 1374, 8460, 5814]
20150815 13:58_[7466, 3995, 4338, 7346]
20150815 13:59_[1017, 3366, 8597, 6225]
20150815 14:00_[5936, 4188, 9728, 1147]
20150815 14:01_[8697, 6295, 9508, 3063]
20150815 14:02_[8370, 6708, 8514, 1541]
20150815 14:03_[6206, 3978, 1259, 9141]
20150815 14:04_[6156, 3590, 7302, 5694]
20150815 14:05_[5418, 9215, 1485, 2710]
20150815 14:06_[9749, 8070, 9432, 9463]
20150815 14:07_[1217, 7288, 4403, 8683]
20150815 14:08_[7905, 9532, 3126, 1526]
20150815 14:09_[5762, 4838, 7171, 3315]
20150815 14:10_[5342, 2168, 2081, 7897]
20150815 14:11_[8924, 8982, 1764, 7679]
20150815 14:12_[1238, 7748, 4896, 6858]
20150815 14:13_[8923, 3197, 1742, 3147]
20150815 14:14_[1906, 7350, 6233, 6689]
20150815 14:15_[6244, 5776, 6243, 2885]
20150815 14:16_[9160, 8686, 5641, 3593]
20150815 14:17_[3777, 8296, 2276, 6977]
20150815 14:18_[1193, 2311, 4465, 1484]
20150815 14:19_[4788, 5652, 7109, 9045]
20150815 14:20_[5378, 9999, 5310, 3703]
20150815 14:21_[6443, 1186, 4185, 4657]
20150815 14:22_[9289, 5567, 4224, 9045]
20150815 14:23_[9129, 2016, 5369, 3631]
20150815 14:24_[3914, 9868, 3919, 3461]
20150815 14:25_[1165, 9494, 8803, 6749]
20150815 14:26_[2951, 3978, 9330, 3288]
20150815 14:27_[5906, 1415, 8308, 2775]
20150815 14:28_[3266, 8994, 4457, 4853]
20150815 14:29_[4140, 2453, 3583, 2667]
20150815 14:30_[1072, 6157, 8459, 8325]
20150815 14:31_[4416, 6188, 1063, 5135]
20150815 14:32_[9289, 8228, 1351, 9700]
20150815 14:33_[1595, 9186, 8026, 2281]
20150815 14:34_[7906, 6753, 6262, 2913]
20150815 14:35_[1463, 6219, 8768, 1276]
20150815 14:36_[2680, 7872, 8060, 3198]
20150815 14:37_[7792, 8063, 1758, 3087]
20150815 14:38_[4211, 7404, 6781, 6954]
20150815 14:39_[7544, 6383, 6370, 1975]
20150815 14:40_[4776, 2907, 1980, 1056]
20150815 14:41_[2386, 2422, 9195, 8826]
20150815 14:42_[3747, 5118, 1077, 9010]
20150815 14:43_[9447, 7213, 3195, 9343]
20150815 14:44_[4853, 3585, 8389, 7297]
20150815 14:45_[5837, 8644, 9272, 9951]
20150815 14:46_[4545, 3120, 9927, 3841]
20150815 14:47_[3985, 1382, 8605, 2385]
20150815 14:48_[9261, 1522, 2288, 4426]
20150815 14:49_[2114, 2349, 2139, 2439]
20150815 14:50_[1435, 6655, 1993, 6096]
20150815 14:51_[2104, 2123, 8577, 2142]
20150815 14:52_[5767, 3491, 6883, 6764]
20150815 14:53_[2493, 1891, 3595, 4031]
20150815 14:54_[5630, 9844, 1870, 4501]
20150815 14:55_[3608, 4794, 3503, 2454]
20150815 14:56_[3511, 2349, 6685, 2696]
20150815 14:57_[3544, 1529, 5813, 6223]
20150815 14:58_[3211, 2598, 6317, 7452]
20150815 14:59_[7509, 3398, 4924, 6980]
20150815 15:00_[3021, 7787, 3414, 7287]
20150815 15:01_[7745, 8659, 9632, 5667]
20150815 15:02_[5436, 7761, 7179, 7260]
20150815 15:03_[4746, 3373, 1660, 5574]
20150815 15:04_[1413, 1463, 9008, 9449]
20150815 15:05_[5383, 8200, 1899, 3566]
20150815 15:06_[9664, 7696, 2692, 9832]
20150815 15:07_[6544, 4008, 6151, 7852]
20150815 15:08_[6573, 2830, 7501, 5563]
20150815 15:09_[6152, 1703, 4578, 4910]
20150815 15:10_[9029, 3233, 8987, 1569]
20150815 15:11_[9954, 7630, 8647, 8880]
20150815 15:12_[9547, 3917, 3739, 2321]
20150815 15:13_[9385, 4932, 6353, 7997]
20150815 15:14_[2667, 5332, 2143, 9822]
20150815 15:15_[1598, 5009, 8140, 4939]
20150815 15:16_[8079, 1191, 4503, 6727]
20150815 15:17_[5632, 8461, 7146, 9879]
20150815 15:18_[8483, 9524, 1701, 5593]
20150815 15:19_[5944, 3349, 2165, 5849]
20150815 15:20_[8626, 9518, 3094, 4856]
20150815 15:21_[6519, 3075, 3126, 2043]
20150815 15:22_[6311, 9718, 7446, 9335]
20150815 15:23_[3836, 4489, 3902, 6753]
20150815 15:24_[5199, 6498, 3176, 2045]
20150815 15:25_[2066, 1646, 3470, 5088]
20150815 15:26_[3606, 7422, 3642, 3226]
20150815 15:27_[3486, 1329, 8509, 6327]
20150815 15:28_[5404, 4001, 7037, 5348]
20150815 15:29_[2651, 1636, 4346, 3050]
20150815 15:30_[1816, 8061, 1985, 9760]
20150815 15:31_[6942, 7307, 9774, 8738]
20150815 15:32_[7386, 3183, 2480, 4695]
20150815 15:33_[3945, 8258, 3028, 4437]
20150815 15:34_[3413, 6994, 5742, 6922]
20150815 15:35_[4534, 4013, 9903, 6832]
20150815 15:36_[9257, 5293, 5248, 8405]
20150815 15:37_[3365, 7846, 5432, 7081]
20150815 15:38_[9857, 9245, 6334, 4109]
20150815 15:39_[5818, 9717, 5201, 3204]
20150815 15:40_[4444, 9714, 6754, 3227]
20150815 15:41_[6781, 7578, 7929, 7469]
20150815 15:42_[8757, 5572, 9740, 8100]
20150815 15:43_[1064, 1626, 8119, 2985]
20150815 15:44_[2477, 2015, 4882, 1805]
20150815 15:45_[5696, 5076, 7437, 2432]
20150815 15:46_[2663, 1802, 1775, 2494]
20150815 15:47_[1996, 4932, 4735, 1917]
20150815 15:48_[6474, 6679, 5624, 9267]
20150815 15:49_[3026, 1380, 5409, 7925]
20150815 15:50_[6611, 6409, 5415, 4582]
20150815 15:51_[8007, 5080, 3130, 7970]
20150815 15:52_[1022, 6954, 7599, 6661]
20150815 15:53_[9313, 5286, 6696, 2670]
20150815 15:54_[9609, 2648, 6183, 4956]
20150815 15:55_[6205, 2866, 2614, 6689]
20150815 15:56_[3621, 7594, 3165, 6043]
20150815 15:57_[7998, 5836, 3469, 8911]
20150815 15:58_[3867, 5181, 4134, 8536]
20150815 15:59_[4739, 8793, 2085, 9008]
20150815 16:00_[3424, 9712, 8675, 1278]
20150815 16:01_[2730, 2028, 3283, 5098]
20150815 16:02_[4705, 4582, 9127, 6393]
20150815 16:03_[1976, 8627, 8868, 6829]
20150815 16:04_[3362, 2705, 1022, 7387]
20150815 16:05_[8627, 2389, 8158, 5649]
20150815 16:06_[9466, 8199, 1509, 6086]
20150815 16:07_[8999, 5002, 9335, 3915]
20150815 16:08_[9424, 5185, 1570, 8465]
20150815 16:09_[1322, 2309, 1976, 5499]
20150815 16:10_[9045, 3869, 8031, 8740]
20150815 16:11_[3977, 6782, 7090, 4915]
20150815 16:12_[5792, 4058, 8595, 7419]
20150815 16:13_[7213, 5146, 4527, 9960]
20150815 16:14_[5611, 6910, 5585, 4643]
20150815 16:15_[1997, 2853, 2259, 3923]
20150815 16:16_[5926, 7885, 9132, 8759]
20150815 16:17_[5693, 7157, 2003, 5095]
20150815 16:18_[5484, 5158, 2059, 1399]
20150815 16:19_[5419, 4669, 1878, 6130]
20150815 16:20_[6348, 6159, 7543, 7033]
20150815 16:21_[8617, 7873, 7886, 7381]
20150815 16:22_[1859, 5919, 6851, 9102]
20150815 16:23_[1689, 1030, 1856, 2252]
20150815 16:24_[4140, 3026, 2975, 9464]
20150815 16:25_[9756, 7420, 3696, 6614]
20150815 16:26_[6409, 9240, 6691, 6219]
20150815 16:27_[1722, 4845, 4985, 9101]
20150815 16:28_[4777, 3255, 2808, 5300]
20150815 16:29_[2823, 1994, 9400, 5576]
20150815 16:30_[3348, 3725, 9279, 5324]
20150815 16:31_[2639, 1637, 1572, 7886]
20150815 16:32_[9294, 4876, 6248, 1020]
20150815 16:33_[1559, 4412, 7944, 9150]
20150815 16:34_[1010, 3362, 2548, 6452]
20150815 16:35_[3671, 4307, 4475, 2288]
20150815 16:36_[3455, 8145, 4561, 4401]
20150815 16:37_[2835, 2177, 7667, 8250]
20150815 16:38_[4374, 7912, 1557, 2035]
20150815 16:39_[4008, 4759, 2552, 5230]
20150815 16:40_[6700, 1681, 7594, 4332]
20150815 16:41_[4753, 7348, 6219, 3111]
20150815 16:42_[8866, 1317, 4944, 6564]
20150815 16:43_[4704, 8521, 3755, 2304]
20150815 16:44_[8887, 9183, 3291, 5743]
20150815 16:45_[8750, 5019, 6801, 6666]
20150815 16:46_[4327, 4894, 2420, 2669]
20150815 16:47_[3634, 7136, 1333, 1077]
20150815 16:48_[2157, 3976, 6218, 9157]
20150815 16:49_[8483, 3649, 7226, 2755]
20150815 16:50_[4023, 9678, 2580, 2196]
20150815 16:51_[8625, 3773, 3783, 1479]
20150815 16:52_[7291, 6595, 3549, 3507]
20150815 16:53_[5746, 3208, 9631, 3509]
20150815 16:54_[1606, 3037, 3126, 1805]
20150815 16:55_[8559, 1558, 8786, 7701]
20150815 16:56_[4619, 4955, 6993, 9633]
20150815 16:57_[9724, 6663, 2311, 5251]
20150815 16:58_[1067, 6149, 3461, 7348]
20150815 16:59_[6335, 6817, 5440, 5774]
20150815 17:00_[5394, 8462, 6929, 2736]
20150815 17:01_[7158, 8882, 3838, 8215]
20150815 17:02_[2190, 3050, 9447, 5318]
20150815 17:03_[4035, 5674, 6082, 1172]
20150815 17:04_[7416, 5302, 6495, 6753]
20150815 17:05_[6140, 4991, 8946, 8286]
20150815 17:06_[2116, 2415, 6944, 6362]
20150815 17:07_[2042, 6122, 3319, 4225]
20150815 17:08_[1554, 1639, 2043, 6982]
20150815 17:09_[1636, 8078, 3209, 3649]
20150815 17:10_[1795, 9905, 9558, 6728]
20150815 17:11_[5726, 9699, 1980, 1436]
20150815 17:12_[8201, 8654, 1554, 4094]
20150815 17:13_[5810, 5159, 3133, 7710]
20150815 17:14_[3193, 3642, 3558, 8917]
20150815 17:15_[6479, 2899, 2231, 2529]
20150815 17:16_[9647, 1300, 7980, 5232]
20150815 17:17_[6996, 9249, 1921, 8156]
20150815 17:18_[6074, 1609, 9025, 1203]
20150815 17:19_[5257, 5688, 6843, 5841]
20150815 17:20_[3889, 4697, 7728, 8325]
20150815 17:21_[5447, 5326, 8706, 4580]
20150815 17:22_[6139, 7786, 3148, 1859]
20150815 17:23_[1211, 9179, 7279, 9798]
20150815 17:24_[4205, 8978, 3480, 2956]
20150815 17:25_[4431, 7387, 9961, 1996]
20150815 17:26_[7593, 5337, 4032, 3130]
20150815 17:27_[2236, 6994, 8729, 2139]
20150815 17:28_[6754, 5143, 7139, 1290]
20150815 17:29_[2871, 1113, 4878, 7972]
20150815 17:30_[7783, 8654, 5088, 3003]
20150815 17:31_[5414, 7041, 5525, 9261]
20150815 17:32_[6373, 3021, 5815, 9269]
20150815 17:33_[7436, 2873, 9709, 3984]
20150815 17:34_[2898, 3684, 3816, 3690]
20150815 17:35_[7685, 7591, 1660, 9475]
20150815 17:36_[3027, 9822, 4450, 5596]
20150815 17:37_[7652, 7069, 8350, 6621]
20150815 17:38_[6533, 9354, 3277, 9067]
20150815 17:39_[8923, 5566, 6541, 6066]
20150815 17:40_[5486, 5731, 9630, 5913]
20150815 17:41_[6008, 8806, 4353, 9698]
20150815 17:42_[9507, 6639, 4588, 2945]
20150815 17:43_[7601, 4461, 2353, 7945]
20150815 17:44_[3822, 2360, 6743, 1599]
20150815 17:45_[8839, 8722, 2682, 5160]
20150815 17:46_[5969, 5561, 1058, 8725]
20150815 17:47_[3058, 8585, 8938, 2111]
20150815 17:48_[3355, 5254, 9999, 4526]
20150815 17:49_[5180, 3039, 2973, 1808]
20150815 17:50_[9518, 5055, 3579, 3614]
20150815 17:51_[6182, 3415, 9028, 9193]
20150815 17:52_[4467, 2434, 4116, 4287]
20150815 17:53_[8569, 9951, 7800, 4922]
20150815 17:54_[3475, 1049, 4714, 6469]
20150815 17:55_[4126, 6692, 1841, 6323]
20150815 17:56_[8781, 3414, 1150, 7861]
20150815 17:57_[9783, 8342, 9314, 7845]
20150815 17:58_[3039, 3250, 6858, 9392]
20150815 17:59_[4199, 8947, 1479, 1648]
20150815 18:00_[6826, 2133, 2970, 5460]
20150815 18:01_[2077, 2201, 1034, 7931]
20150815 18:02_[3354, 1028, 2160, 3197]
20150815 18:03_[3558, 8311, 3407, 9180]
20150815 18:04_[8591, 5916, 1650, 9737]
20150815 18:05_[1723, 5285, 7139, 1747]
20150815 18:06_[1884, 7351, 9329, 1476]
20150815 18:07_[6752, 6926, 2098, 6434]
20150815 18:08_[3624, 2378, 3634, 4168]
20150815 18:09_[3483, 3995, 8173, 6783]
20150815 18:10_[7803, 8808, 6006, 3597]
20150815 18:11_[6529, 6302, 9227, 3227]
20150815 18:12_[5827, 2851, 8098, 9454]
20150815 18:13_[9427, 9032, 9101, 5543]
20150815 18:14_[6567, 5620, 5340, 1289]
20150815 18:15_[2068, 8399, 5165, 2408]
20150815 18:16_[1150, 6218, 2319, 1735]
20150815 18:17_[7718, 2995, 4707, 4753]
20150815 18:18_[8029, 1984, 2507, 4990]
20150815 18:19_[5868, 2149, 4767, 1832]
20150815 18:20_[5605, 4560, 6913, 2653]
20150815 18:21_[4493, 3127, 4853, 7838]
20150815 18:22_[1029, 1433, 1898, 3173]
20150815 18:23_[3204, 2742, 5800, 3331]
20150815 18:24_[7271, 3578, 5796, 8396]
20150815 18:25_[8554, 8653, 9763, 9042]
20150815 18:26_[9016, 6516, 7074, 1362]
20150815 18:27_[6948, 8515, 4999, 5053]
20150815 18:28_[1029, 1986, 9092, 1687]
20150815 18:29_[9818, 8583, 8342, 7096]
20150815 18:30_[8631, 5529, 3981, 9846]
20150815 18:31_[4603, 8737, 8498, 2074]
20150815 18:32_[3203, 8353, 2757, 8725]
20150815 18:33_[2009, 5584, 2581, 5875]
20150815 18:34_[5380, 4702, 9554, 6139]
20150815 18:35_[1960, 7934, 3354, 6540]
20150815 18:36_[9073, 3315, 5327, 8748]
20150815 18:37_[9733, 1624, 7233, 7837]
20150815 18:38_[2259, 2008, 2443, 2400]
20150815 18:39_[2720, 2389, 5927, 7290]
20150815 18:40_[9643, 5422, 7274, 4509]
20150815 18:41_[2737, 2860, 8071, 1933]
20150815 18:42_[9275, 9114, 7970, 9190]
20150815 18:43_[4282, 3320, 4527, 2093]
20150815 18:44_[5418, 4670, 2093, 4078]
20150815 18:45_[7125, 4725, 1189, 6122]
20150815 18:46_[5811, 2601, 6853, 8947]
20150815 18:47_[1102, 2850, 6330, 6927]
20150815 18:48_[6800, 8232, 1157, 7817]
20150815 18:49_[2538, 1216, 4209, 2349]
20150815 18:50_[8115, 6247, 9880, 7993]
20150815 18:51_[9475, 4598, 1205, 5865]
20150815 18:52_[4815, 2008, 8239, 1823]
20150815 18:53_[6075, 1727, 9734, 1882]
20150815 18:54_[1963, 5295, 1689, 1440]
20150815 18:55_[3096, 3454, 2546, 7286]
20150815 18:56_[1012, 3086, 8862, 3445]
20150815 18:57_[4623, 1710, 7048, 1857]
20150815 18:58_[3355, 9503, 3112, 5459]
20150815 18:59_[1524, 8826, 2764, 7924]
20150815 19:00_[6880, 9900, 6610, 5447]
20150815 19:01_[4174, 4482, 4886, 2272]
20150815 19:02_[6194, 5171, 3262, 7289]
20150815 19:03_[5566, 5592, 3119, 8148]
20150815 19:04_[2733, 2725, 3323, 5978]
20150815 19:05_[4406, 8550, 3241, 6610]
20150815 19:06_[2661, 9411, 5224, 9437]
20150815 19:07_[1477, 9885, 8388, 5179]
20150815 19:08_[1613, 4669, 5103, 6611]
20150815 19:09_[8045, 6327, 7546, 7385]
20150815 19:10_[1902, 6592, 9611, 8351]
20150815 19:11_[7453, 7533, 7032, 3447]
20150815 19:12_[6360, 2796, 9071, 7328]
20150815 19:13_[8869, 2741, 4481, 8022]
20150815 19:14_[9332, 5041, 8956, 3447]
20150815 19:15_[6824, 9271, 2741, 5977]
20150815 19:16_[4416, 2912, 3244, 5768]
20150815 19:17_[2197, 4901, 4421, 6431]
20150815 19:18_[6056, 5788, 2392, 2533]
20150815 19:19_[4554, 4079, 2315, 4086]
20150815 19:20_[2922, 2918, 5920, 1873]
20150815 19:21_[1720, 8098, 4473, 5135]
20150815 19:22_[6878, 5469, 9130, 7491]
20150815 19:23_[8106, 3646, 9889, 3879]
20150815 19:24_[7291, 5464, 2293, 4861]
20150815 19:25_[3328, 5598, 8913, 7515]
20150815 19:26_[2541, 1509, 2771, 9111]
20150815 19:27_[5027, 8317, 2970, 3417]
20150815 19:28_[6966, 4511, 9359, 3234]
20150815 19:29_[7251, 7324, 6436, 5316]
20150815 19:30_[1381, 9586, 1231, 5559]
20150815 19:31_[3147, 2248, 3103, 2936]
20150815 19:32_[4256, 2972, 9100, 5378]
20150815 19:33_[7697, 9917, 6363, 4085]
20150815 19:34_[8721, 1244, 1107, 9902]
20150815 19:35_[3632, 7362, 3718, 3022]
20150815 19:36_[3771, 2188, 1918, 1206]
20150815 19:37_[6862, 4839, 7887, 3047]
20150815 19:38_[2509, 8113, 6794, 5711]
20150815 19:39_[7625, 4130, 4745, 3352]
20150815 19:40_[6530, 7845, 2355, 3958]
20150815 19:41_[2035, 2914, 8033, 3224]
20150815 19:42_[6330, 3375, 1863, 2052]
20150815 19:43_[6802, 5657, 4248, 4862]
20150815 19:44_[2062, 6246, 2718, 9582]
20150815 19:45_[2485, 5793, 3548, 8844]
20150815 19:46_[9785, 5171, 6511, 4334]
20150815 19:47_[8848, 5572, 8125, 6311]
20150815 19:48_[9903, 3914, 7431, 9476]
20150815 19:49_[7201, 2740, 8103, 3139]
20150815 19:50_[8098, 2601, 1379, 2900]
20150815 19:51_[7156, 8354, 8787, 9674]
20150815 19:52_[6953, 1377, 6606, 9868]
20150815 19:53_[7381, 4015, 6178, 3184]
20150815 19:54_[3238, 5616, 1096, 7108]
20150815 19:55_[9068, 2566, 6645, 4414]
20150815 19:56_[7123, 5068, 5081, 2709]
20150815 19:57_[9378, 4733, 7790, 8096]
20150815 19:58_[6082, 8647, 6682, 7540]
20150815 19:59_[6609, 5953, 2490, 1818]
20150815 20:00_[8332, 8543, 2927, 7660]
20150815 20:01_[8991, 3344, 7220, 9987]
20150815 20:02_[1681, 5902, 7465, 7928]
20150815 20:03_[6416, 9260, 2079, 2636]
20150815 20:04_[3482, 7013, 1782, 3175]
20150815 20:05_[5548, 8846, 2213, 6488]
20150815 20:06_[7974, 7220, 1879, 1540]
20150815 20:07_[3638, 5113, 1359, 9502]
20150815 20:08_[4913, 5071, 7941, 4543]
20150815 20:09_[7668, 5434, 3978, 6340]
20150815 20:10_[1392, 6481, 1522, 3457]
20150815 20:11_[2886, 4828, 1957, 7112]
20150815 20:12_[2863, 6281, 1882, 2393]
20150815 20:13_[1480, 5587, 5811, 5318]
20150815 20:14_[5491, 7687, 3209, 1900]
20150815 20:15_[2417, 7448, 8156, 5427]
20150815 20:16_[8398, 8730, 6714, 5434]
20150815 20:17_[2302, 7438, 2195, 4321]
20150815 20:18_[1990, 3867, 5482, 7464]
20150815 20:19_[3298, 3306, 3627, 8025]
20150815 20:20_[1735, 5419, 8200, 8950]
20150815 20:21_[8356, 6655, 8347, 2802]
20150815 20:22_[3069, 3172, 6158, 2998]
20150815 20:23_[8372, 5899, 1268, 5257]
20150815 20:24_[5615, 9707, 4633, 3147]
20150815 20:25_[6978, 9966, 3529, 1959]
20150815 20:26_[3636, 5218, 3607, 1530]
20150815 20:27_[3381, 5473, 9701, 8328]
20150815 20:28_[3876, 2022, 8411, 2698]
20150815 20:29_[3934, 6096, 2476, 5899]
20150815 20:30_[6785, 2672, 5726, 2429]
20150815 20:31_[9068, 2739, 9367, 5389]
20150815 20:32_[6707, 5934, 1435, 5023]
20150815 20:33_[8129, 4061, 6767, 9642]
20150815 20:34_[5360, 1526, 2546, 6408]
20150815 20:35_[5653, 5972, 5169, 3772]
20150815 20:36_[4218, 6984, 5095, 9675]
20150815 20:37_[7582, 7049, 2681, 2059]
20150815 20:38_[5145, 6192, 7634, 4155]
20150815 20:39_[9195, 8312, 5527, 2854]
20150815 20:40_[5211, 8404, 5496, 1530]
20150815 20:41_[7601, 9532, 8040, 4576]
20150815 20:42_[1590, 9282, 2253, 5138]
20150815 20:43_[4802, 8351, 7623, 7654]
20150815 20:44_[9940, 1146, 2861, 7924]
20150815 20:45_[5563, 5804, 7082, 3596]
20150815 20:46_[8185, 3347, 1769, 8492]
20150815 20:47_[7034, 2561, 4551, 4905]
20150815 20:48_[7516, 1995, 9257, 6378]
20150815 20:49_[8589, 1269, 6206, 5692]
20150815 20:50_[9536, 8888, 1201, 5892]
20150815 20:51_[3892, 6598, 6549, 3617]
20150815 20:52_[3594, 4662, 4217, 8529]
20150815 20:53_[2899, 3430, 2758, 3222]
20150815 20:54_[2794, 1843, 6451, 5807]
20150815 20:55_[1070, 8031, 7603, 4447]
20150815 20:56_[2933, 5598, 4002, 5551]
20150815 20:57_[9442, 2891, 2129, 5199]
20150815 20:58_[8690, 9026, 7342, 7031]
20150815 20:59_[3383, 9431, 5024, 6023]
20150815 21:00_[6620, 5428, 1379, 7891]
20150815 21:01_[8195, 1477, 5987, 3804]
20150815 21:02_[2325, 5486, 1941, 1537]
20150815 21:03_[4756, 6452, 7345, 2451]
20150815 21:04_[1141, 8538, 4303, 9754]
20150815 21:05_[3760, 7074, 2754, 7126]
20150815 21:06_[5542, 6206, 7877, 9356]
20150815 21:07_[4341, 5280, 1651, 5186]
20150815 21:08_[1166, 4881, 2312, 3623]
20150815 21:09_[4854, 5959, 7354, 8878]
20150815 21:10_[4094, 3536, 3354, 8903]
20150815 21:11_[6057, 6978, 9846, 8892]
20150815 21:12_[4680, 4656, 1733, 2355]
20150815 21:13_[6403, 4829, 6560, 9925]
20150815 21:14_[3874, 4142, 8380, 8463]
20150815 21:15_[2793, 7203, 1217, 5663]
20150815 21:16_[2740, 2488, 5646, 7052]
20150815 21:17_[7348, 8192, 9403, 1081]
20150815 21:18_[4658, 3920, 3978, 7095]
20150815 21:19_[8811, 3718, 2710, 3244]
20150815 21:20_[8818, 7611, 7763, 3259]
20150815 21:21_[3237, 3272, 2257, 7365]
20150815 21:22_[2928, 1634, 8959, 6540]
20150815 21:23_[6741, 4994, 9736, 6103]
20150815 21:24_[2065, 9327, 3401, 4818]
20150815 21:25_[2894, 1310, 9399, 1801]
20150815 21:26_[9487, 1776, 1738, 4882]
20150815 21:27_[6953, 6291, 9778, 8451]
20150815 21:28_[3430, 2519, 4570, 6600]
20150815 21:29_[6045, 8570, 1578, 5774]
20150815 21:30_[1887, 3269, 1337, 2922]
20150815 21:31_[6174, 5728, 1492, 3591]
20150815 21:32_[3695, 4450, 5879, 6175]
20150815 21:33_[3076, 2371, 7953, 8003]
20150815 21:34_[7873, 3277, 4994, 2793]
20150815 21:35_[5423, 5869, 4658, 5866]
20150815 21:36_[6380, 9047, 6439, 6947]
20150815 21:37_[2629, 4689, 3851, 5215]
20150815 21:38_[8340, 8872, 3997, 4658]
20150815 21:39_[6335, 4984, 8600, 4148]
20150815 21:40_[6227, 8313, 8036, 3235]
20150815 21:41_[4544, 7990, 2182, 6781]
20150815 21:42_[3950, 2673, 2657, 1035]
20150815 21:43_[1887, 7312, 6178, 8819]
20150815 21:44_[7181, 1023, 2502, 5845]
20150815 21:45_[4096, 4039, 6069, 2476]
20150815 21:46_[4166, 1582, 4858, 8973]
20150815 21:47_[8608, 8730, 1606, 6400]
20150815 21:48_[2998, 6083, 7145, 3469]
20150815 21:49_[3662, 2694, 8784, 6286]
20150815 21:50_[4641, 4355, 6564, 7814]
20150815 21:51_[4391, 8405, 5364, 6468]
20150815 21:52_[3171, 4914, 7612, 8663]
20150815 21:53_[9061, 6137, 5356, 3002]
20150815 21:54_[9669, 5530, 4136, 2055]
20150815 21:55_[6810, 2718, 9812, 7842]
20150815 21:56_[5513, 3334, 6266, 6557]
20150815 21:57_[1379, 8966, 4616, 8680]
20150815 21:58_[5680, 5185, 1784, 6694]
20150815 21:59_[7772, 5648, 9552, 5496]
20150815 22:00_[4237, 2654, 6646, 7550]
20150815 22:01_[4378, 8195, 1037, 6644]
20150815 22:02_[9394, 5501, 1723, 9055]
20150815 22:03_[7726, 8407, 1390, 3460]
20150815 22:04_[3662, 9988, 2318, 6824]
20150815 22:05_[5557, 2971, 9001, 6244]
20150815 22:06_[4008, 2988, 5514, 3389]
20150815 22:07_[3060, 7667, 7224, 3111]
20150815 22:08_[6716, 7973, 6449, 9501]
20150815 22:09_[9233, 5803, 5966, 3389]
20150815 22:10_[2513, 3675, 3778, 7340]
20150815 22:11_[9841, 4672, 2237, 6945]
20150815 22:12_[3686, 7791, 9729, 9445]
20150815 22:13_[8834, 2099, 3909, 4806]
20150815 22:14_[7209, 5128, 8276, 7323]
20150815 22:15_[2529, 3492, 5338, 5894]
20150815 22:16_[8195, 7527, 5946, 8058]
20150815 22:17_[7048, 2781, 8836, 4542]
20150815 22:18_[9705, 5294, 3388, 7969]
20150815 22:19_[1826, 3565, 6456, 4148]
20150815 22:20_[4073, 2983, 9867, 3809]
20150815 22:21_[8917, 5699, 5052, 1052]
20150815 22:22_[9181, 8750, 6810, 6083]
20150815 22:23_[8009, 4248, 1758, 4823]
20150815 22:24_[7368, 7899, 9952, 5831]
20150815 22:25_[9311, 4003, 5340, 7480]
20150815 22:26_[4986, 3387, 4897, 7651]
20150815 22:27_[5891, 2738, 4398, 7257]
20150815 22:28_[2692, 8730, 5655, 4689]
20150815 22:29_[1918, 7381, 2904, 2035]
20150815 22:30_[8823, 8960, 4191, 8974]
20150815 22:31_[8056, 4326, 4710, 5544]
20150815 22:32_[6324, 1132, 1002, 3229]
20150815 22:33_[2095, 2450, 4586, 8292]
20150815 22:34_[4997, 5494, 6031, 5253]
20150815 22:35_[6567, 4884, 3854, 8481]
20150815 22:36_[4992, 1741, 7103, 3374]
20150815 22:37_[1302, 6006, 1771, 8653]
20150815 22:38_[1653, 7163, 8567, 7043]
20150815 22:39_[7702, 1871, 2851, 1857]
20150815 22:40_[2761, 8357, 6561, 1495]
20150815 22:41_[2129, 5837, 7056, 7223]
20150815 22:42_[4866, 5462, 7695, 2554]
20150815 22:43_[9455, 1901, 9593, 3886]
20150815 22:44_[2635, 8165, 9741, 7138]
20150815 22:45_[4266, 7984, 3575, 9856]
20150815 22:46_[3507, 6613, 9458, 3025]
20150815 22:47_[2004, 3700, 9781, 6876]
20150815 22:48_[1662, 8779, 5021, 8748]
20150815 22:49_[9118, 6955, 5488, 5733]
20150815 22:50_[3496, 7945, 6195, 8316]
20150815 22:51_[9026, 5112, 6378, 5415]
20150815 22:52_[3535, 1733, 5163, 3491]
20150815 22:53_[8861, 6333, 3976, 8681]
20150815 22:54_[1127, 9565, 2877, 3480]
20150815 22:55_[9500, 3783, 8525, 5604]
20150815 22:56_[6080, 8116, 1608, 7854]
20150815 22:57_[3518, 4297, 6663, 9027]
20150815 22:58_[6277, 5078, 1883, 2153]
20150815 22:59_[5924, 3180, 4711, 4260]
20150815 23:00_[1042, 8603, 4230, 9842]
20150815 23:01_[1464, 1755, 9496, 3144]
20150815 23:02_[2113, 9111, 7815, 2887]
20150815 23:03_[9333, 7603, 8506, 9840]
20150815 23:04_[7238, 6271, 3559, 6311]
20150815 23:05_[3463, 3230, 6344, 3275]
20150815 23:06_[6090, 7361, 7398, 5852]
20150815 23:07_[3470, 2627, 4701, 1792]
20150815 23:08_[9891, 8429, 4337, 4715]
20150815 23:09_[8451, 6471, 1809, 2074]
20150815 23:10_[6098, 4965, 8300, 8026]
20150815 23:11_[7697, 4220, 4978, 8901]
20150815 23:12_[6881, 2877, 4564, 6050]
20150815 23:13_[1515, 3716, 7091, 9742]
20150815 23:14_[1333, 8991, 3407, 7173]
20150815 23:15_[9839, 2455, 4376, 5711]
20150815 23:16_[6673, 1001, 5188, 8904]
20150815 23:17_[4894, 1788, 3729, 5054]
20150815 23:18_[9648, 7417, 4319, 5065]
20150815 23:19_[7680, 7117, 5440, 5284]
20150815 23:20_[5905, 6988, 9860, 3780]
20150815 23:21_[9062, 1910, 1547, 5064]
20150815 23:22_[3335, 4318, 8042, 7546]
20150815 23:23_[7830, 7197, 8739, 8613]
20150815 23:24_[6220, 5383, 4948, 4635]
20150815 23:25_[1476, 1721, 4602, 8926]
20150815 23:26_[9929, 5201, 7138, 7345]
20150815 23:27_[9433, 4300, 3622, 8155]
20150815 23:28_[1603, 9303, 6149, 5303]
20150815 23:29_[7525, 4645, 1334, 8043]
20150815 23:30_[4556, 7020, 5253, 1969]
20150815 23:31_[2310, 7373, 8630, 8497]
20150815 23:32_[7429, 6902, 7980, 6985]
20150815 23:33_[5582, 4578, 6751, 9625]
20150815 23:34_[3137, 9552, 7280, 7734]
20150815 23:35_[4782, 4106, 6581, 6858]
20150815 23:36_[3943, 2192, 7718, 9577]
20150815 23:37_[2848, 5121, 3775, 7259]
20150815 23:38_[6764, 6164, 7720, 6381]
20150815 23:39_[4158, 8489, 7638, 1566]
20150815 23:40_[4566, 2664, 5340, 2594]
20150815 23:41_[7080, 7750, 1826, 9829]
20150815 23:42_[3328, 6945, 6046, 2771]
20150815 23:43_[6101, 4082, 8739, 6186]
20150815 23:44_[1494, 1595, 5394, 2696]
20150815 23:45_[1910, 7642, 6906, 1931]
20150815 23:46_[8704, 8396, 9948, 1182]
20150815 23:47_[4172, 5715, 2630, 5983]
20150815 23:48_[3700, 9698, 1429, 3063]
20150815 23:49_[7760, 4617, 5743, 1673]
20150815 23:50_[4667, 3709, 3771, 5601]
20150815 23:51_[1741, 4908, 1503, 3964]
20150815 23:52_[8906, 2286, 8305, 1921]
20150815 23:53_[5390, 8632, 8355, 8576]
20150815 23:54_[9336, 1496, 9904, 8523]
20150815 23:55_[3311, 7896, 7597, 5770]
20150815 23:56_[1542, 2445, 5222, 3679]
20150815 23:57_[5179, 2701, 7604, 1760]
20150815 23:58_[5344, 3512, 3761, 1664]
20150815 23:59_[3796, 8419, 8272, 5886]
