20150812 00:00_[6445, 2105, 9623, 9373]
20150812 00:01_[1703, 9397, 7209, 6984]
20150812 00:02_[7816, 6592, 2946, 8182]
20150812 00:03_[2223, 1044, 9262, 3199]
20150812 00:04_[5611, 1864, 4334, 2140]
20150812 00:05_[6597, 4000, 4732, 1114]
20150812 00:06_[2553, 3110, 9786, 1358]
20150812 00:07_[3190, 7526, 2188, 5124]
20150812 00:08_[1867, 8170, 2599, 5974]
20150812 00:09_[2957, 7637, 2821, 3077]
20150812 00:10_[3264, 9803, 1427, 5835]
20150812 00:11_[4723, 9073, 8126, 1450]
20150812 00:12_[9690, 4764, 5725, 4013]
20150812 00:13_[9000, 8977, 9243, 1674]
20150812 00:14_[7695, 5296, 1234, 9089]
20150812 00:15_[5251, 2684, 7931, 7676]
20150812 00:16_[9659, 6336, 4195, 5951]
20150812 00:17_[2306, 4963, 3265, 2512]
20150812 00:18_[4186, 9221, 2241, 9288]
20150812 00:19_[4560, 8815, 1141, 2185]
20150812 00:20_[5139, 7746, 2740, 7165]
20150812 00:21_[1627, 2119, 2378, 8609]
20150812 00:22_[2004, 1120, 3095, 7902]
20150812 00:23_[9903, 7267, 9337, 7443]
20150812 00:24_[9716, 7274, 1366, 3679]
20150812 00:25_[7035, 1744, 3619, 3261]
20150812 00:26_[8409, 6210, 9554, 5580]
20150812 00:27_[2734, 6072, 8427, 9059]
20150812 00:28_[3601, 3935, 1241, 9952]
20150812 00:29_[7619, 4825, 7896, 5150]
20150812 00:30_[4076, 2685, 4754, 7417]
20150812 00:31_[7921, 5602, 5739, 4012]
20150812 00:32_[2431, 2653, 9284, 7743]
20150812 00:33_[6833, 3378, 1094, 6330]
20150812 00:34_[9783, 8449, 1841, 9086]
20150812 00:35_[4897, 3207, 6083, 8751]
20150812 00:36_[8666, 8156, 2853, 6901]
20150812 00:37_[8804, 5715, 2207, 7366]
20150812 00:38_[6665, 1440, 7912, 4795]
20150812 00:39_[9755, 9981, 5539, 7685]
20150812 00:40_[7019, 8539, 3977, 3112]
20150812 00:41_[1776, 8908, 7021, 9918]
20150812 00:42_[4303, 7477, 3733, 9371]
20150812 00:43_[9959, 6598, 7041, 4472]
20150812 00:44_[7614, 3779, 3367, 4674]
20150812 00:45_[1627, 9635, 4549, 3171]
20150812 00:46_[6788, 2040, 9167, 9323]
20150812 00:47_[3094, 2013, 3717, 8998]
20150812 00:48_[7005, 1770, 6508, 6730]
20150812 00:49_[2220, 4055, 9929, 1821]
20150812 00:50_[2709, 9601, 6049, 2091]
20150812 00:51_[7458, 3794, 7613, 5288]
20150812 00:52_[1600, 7311, 1248, 5969]
20150812 00:53_[8083, 8232, 1358, 1951]
20150812 00:54_[5775, 5092, 6887, 9803]
20150812 00:55_[3274, 7543, 7534, 4608]
20150812 00:56_[2069, 2259, 1454, 7908]
20150812 00:57_[7503, 4615, 1920, 8762]
20150812 00:58_[9800, 5250, 7928, 8603]
20150812 00:59_[7089, 9102, 1897, 6321]
20150812 01:00_[3677, 4949, 4112, 9195]
20150812 01:01_[9405, 6079, 4711, 9528]
20150812 01:02_[7161, 3792, 9130, 9630]
20150812 01:03_[5846, 4894, 2074, 6172]
20150812 01:04_[1190, 3179, 8357, 3375]
20150812 01:05_[7309, 7399, 3847, 2736]
20150812 01:06_[5486, 1998, 2169, 5578]
20150812 01:07_[3579, 7822, 4317, 5988]
20150812 01:08_[8126, 9273, 7756, 8192]
20150812 01:09_[7725, 5239, 6774, 3159]
20150812 01:10_[5308, 8005, 6072, 6444]
20150812 01:11_[7932, 5575, 3170, 4092]
20150812 01:12_[6893, 4721, 8183, 6340]
20150812 01:13_[5604, 1229, 3990, 8737]
20150812 01:14_[5156, 1891, 7877, 3022]
20150812 01:15_[7075, 8470, 9356, 9052]
20150812 01:16_[3279, 4433, 3971, 8386]
20150812 01:17_[3779, 4163, 8574, 7722]
20150812 01:18_[1599, 9035, 2548, 7354]
20150812 01:19_[3726, 8369, 9417, 2585]
20150812 01:20_[9909, 8846, 2250, 3520]
20150812 01:21_[7066, 4488, 2352, 9300]
20150812 01:22_[4094, 6423, 4704, 1277]
20150812 01:23_[4758, 8610, 6769, 2167]
20150812 01:24_[6262, 1245, 9569, 7466]
20150812 01:25_[1573, 2673, 7152, 1254]
20150812 01:26_[1275, 6206, 3381, 4245]
20150812 01:27_[6153, 8924, 9822, 7800]
20150812 01:28_[5207, 9735, 4920, 5187]
20150812 01:29_[1674, 1469, 8786, 8460]
20150812 01:30_[2772, 2000, 2884, 7429]
20150812 01:31_[2240, 8847, 8087, 3865]
20150812 01:32_[4032, 7487, 8550, 4010]
20150812 01:33_[3368, 5627, 8332, 8634]
20150812 01:34_[3735, 8173, 4222, 7271]
20150812 01:35_[3730, 2491, 1710, 4971]
20150812 01:36_[6271, 1983, 9946, 3307]
20150812 01:37_[1559, 5034, 7392, 2331]
20150812 01:38_[9651, 2864, 6812, 9784]
20150812 01:39_[3315, 4369, 6708, 3947]
20150812 01:40_[6923, 7360, 5464, 4999]
20150812 01:41_[9928, 7739, 7084, 1482]
20150812 01:42_[6730, 6951, 6095, 5611]
20150812 01:43_[2394, 4887, 1379, 4517]
20150812 01:44_[9636, 1432, 6642, 9117]
20150812 01:45_[3342, 8834, 1880, 2582]
20150812 01:46_[9117, 1275, 3668, 7136]
20150812 01:47_[7045, 6389, 9368, 2198]
20150812 01:48_[4863, 5886, 2840, 3718]
20150812 01:49_[3287, 1814, 9778, 4077]
20150812 01:50_[8236, 4024, 1555, 3402]
20150812 01:51_[6907, 7845, 6086, 3578]
20150812 01:52_[7889, 1461, 4972, 6449]
20150812 01:53_[4741, 8710, 5535, 4131]
20150812 01:54_[9454, 1100, 6520, 6532]
20150812 01:55_[3236, 9266, 9353, 9131]
20150812 01:56_[1601, 4007, 1562, 7119]
20150812 01:57_[7313, 1202, 2444, 7784]
20150812 01:58_[6544, 6744, 7109, 5484]
20150812 01:59_[4253, 5472, 5847, 2432]
20150812 02:00_[1006, 6008, 5331, 9485]
20150812 02:01_[9635, 3188, 7355, 6920]
20150812 02:02_[4783, 5153, 8156, 1653]
20150812 02:03_[5827, 4487, 1122, 4199]
20150812 02:04_[4984, 9326, 4651, 1340]
20150812 02:05_[2909, 6033, 2651, 7554]
20150812 02:06_[6246, 6768, 2770, 2104]
20150812 02:07_[8855, 1196, 8918, 5804]
20150812 02:08_[9435, 9323, 3632, 7116]
20150812 02:09_[3045, 5973, 4998, 6727]
20150812 02:10_[5367, 6370, 3905, 9212]
20150812 02:11_[5942, 9193, 4868, 5415]
20150812 02:12_[4121, 5452, 9300, 3277]
20150812 02:13_[8049, 7141, 5768, 5819]
20150812 02:14_[3893, 7149, 6503, 3062]
20150812 02:15_[1572, 6308, 1423, 7106]
20150812 02:16_[8234, 4453, 7449, 7479]
20150812 02:17_[9897, 2883, 2852, 6967]
20150812 02:18_[4296, 6255, 1259, 7491]
20150812 02:19_[1121, 9006, 7374, 3983]
20150812 02:20_[3585, 5616, 4741, 3118]
20150812 02:21_[7145, 1056, 4801, 7367]
20150812 02:22_[6824, 7564, 8928, 6898]
20150812 02:23_[9388, 2886, 3434, 6706]
20150812 02:24_[7245, 1959, 8088, 5614]
20150812 02:25_[8324, 1778, 9304, 6892]
20150812 02:26_[8836, 8145, 1195, 1005]
20150812 02:27_[8982, 8094, 7980, 6584]
20150812 02:28_[5400, 9927, 2806, 8352]
20150812 02:29_[2341, 2980, 7674, 5424]
20150812 02:30_[4071, 5857, 5730, 5629]
20150812 02:31_[3062, 6189, 8925, 3272]
20150812 02:32_[8891, 8053, 1757, 5830]
20150812 02:33_[5749, 3639, 9796, 2597]
20150812 02:34_[7747, 5074, 8923, 2745]
20150812 02:35_[3455, 5895, 7215, 9115]
20150812 02:36_[9761, 7375, 4977, 8530]
20150812 02:37_[5877, 8462, 1578, 8624]
20150812 02:38_[2183, 8889, 6698, 1227]
20150812 02:39_[4780, 5625, 7123, 8291]
20150812 02:40_[6504, 7203, 1525, 9832]
20150812 02:41_[8389, 7173, 8730, 3153]
20150812 02:42_[4226, 9550, 3580, 8828]
20150812 02:43_[4829, 5307, 2763, 4160]
20150812 02:44_[3984, 5615, 7633, 6146]
20150812 02:45_[2219, 9697, 8830, 9606]
20150812 02:46_[1210, 9735, 2730, 7789]
20150812 02:47_[5642, 1426, 8127, 5246]
20150812 02:48_[6492, 3489, 3234, 1350]
20150812 02:49_[3886, 6151, 6249, 4070]
20150812 02:50_[9515, 5721, 2843, 6345]
20150812 02:51_[7300, 9911, 5527, 2018]
20150812 02:52_[4660, 8215, 6429, 1281]
20150812 02:53_[8359, 4625, 2180, 9746]
20150812 02:54_[6832, 8933, 4718, 7231]
20150812 02:55_[7576, 3849, 1072, 7418]
20150812 02:56_[3324, 5952, 7314, 3440]
20150812 02:57_[5904, 2959, 4427, 8745]
20150812 02:58_[8498, 3347, 6108, 5721]
20150812 02:59_[7596, 1592, 6476, 3577]
20150812 03:00_[9083, 5808, 6660, 7133]
20150812 03:01_[4491, 6014, 4300, 1609]
20150812 03:02_[8982, 1269, 1073, 9440]
20150812 03:03_[6617, 1233, 1209, 4800]
20150812 03:04_[5010, 4675, 9057, 9953]
20150812 03:05_[6426, 5186, 3507, 2681]
20150812 03:06_[9378, 7852, 1989, 3994]
20150812 03:07_[7523, 4334, 5395, 2501]
20150812 03:08_[8227, 9657, 1670, 4261]
20150812 03:09_[6181, 7453, 6953, 4395]
20150812 03:10_[1285, 3342, 8283, 1093]
20150812 03:11_[2697, 5464, 5910, 3300]
20150812 03:12_[4161, 3805, 6932, 6393]
20150812 03:13_[7459, 3851, 9765, 3671]
20150812 03:14_[1854, 8528, 9304, 4771]
20150812 03:15_[8754, 9179, 1457, 6633]
20150812 03:16_[9627, 9815, 3901, 5944]
20150812 03:17_[9086, 9953, 8853, 4679]
20150812 03:18_[3459, 8011, 7830, 7678]
20150812 03:19_[1449, 6365, 6699, 6293]
20150812 03:20_[8826, 9560, 3790, 5419]
20150812 03:21_[3600, 6859, 9464, 7328]
20150812 03:22_[9098, 8529, 4787, 6527]
20150812 03:23_[7094, 8225, 8995, 6234]
20150812 03:24_[4199, 9005, 7130, 2974]
20150812 03:25_[9524, 1798, 6911, 6620]
20150812 03:26_[8896, 9951, 2504, 1387]
20150812 03:27_[3878, 3041, 1570, 4192]
20150812 03:28_[7594, 9110, 5389, 5495]
20150812 03:29_[7383, 7562, 2823, 6619]
20150812 03:30_[3200, 4612, 6320, 8352]
20150812 03:31_[4263, 3446, 8523, 7494]
20150812 03:32_[6349, 8126, 8800, 1875]
20150812 03:33_[2669, 4591, 4335, 3985]
20150812 03:34_[2783, 5007, 8386, 2794]
20150812 03:35_[8708, 3190, 7399, 1648]
20150812 03:36_[3093, 6676, 9209, 7745]
20150812 03:37_[9206, 3661, 4462, 9079]
20150812 03:38_[3454, 2345, 6823, 8123]
20150812 03:39_[7599, 8508, 9322, 3715]
20150812 03:40_[8307, 4852, 9497, 7629]
20150812 03:41_[2701, 1823, 9879, 7935]
20150812 03:42_[5967, 2565, 5212, 2845]
20150812 03:43_[6812, 9752, 9852, 5606]
20150812 03:44_[8360, 2021, 2990, 5371]
20150812 03:45_[2271, 7110, 4079, 3559]
20150812 03:46_[1358, 2427, 2010, 6574]
20150812 03:47_[3024, 8944, 1281, 3542]
20150812 03:48_[3509, 5503, 9259, 6131]
20150812 03:49_[5492, 9644, 3160, 5602]
20150812 03:50_[6279, 1699, 8106, 9259]
20150812 03:51_[2239, 4855, 6643, 5059]
20150812 03:52_[4485, 3646, 1596, 1051]
20150812 03:53_[6579, 6293, 1704, 6388]
20150812 03:54_[8696, 1790, 4555, 8645]
20150812 03:55_[5768, 1720, 1380, 3188]
20150812 03:56_[6052, 4950, 8843, 2156]
20150812 03:57_[2992, 8787, 3575, 2615]
20150812 03:58_[1230, 3931, 1085, 5072]
20150812 03:59_[3623, 6611, 3570, 2054]
20150812 04:00_[8528, 5821, 7430, 3936]
20150812 04:01_[8212, 5327, 2097, 6141]
20150812 04:02_[5426, 9387, 5227, 4060]
20150812 04:03_[1335, 9326, 4683, 7149]
20150812 04:04_[9869, 9564, 3309, 3172]
20150812 04:05_[4988, 3166, 8293, 4970]
20150812 04:06_[3174, 8231, 7794, 7815]
20150812 04:07_[6992, 2602, 8648, 6620]
20150812 04:08_[1609, 4603, 6781, 8694]
20150812 04:09_[6430, 4669, 9311, 8051]
20150812 04:10_[7071, 1686, 7998, 8044]
20150812 04:11_[5069, 8363, 8867, 7513]
20150812 04:12_[6981, 2737, 6822, 5250]
20150812 04:13_[6973, 7194, 1979, 8157]
20150812 04:14_[3847, 7775, 3248, 2458]
20150812 04:15_[5808, 8253, 6684, 8291]
20150812 04:16_[6583, 2078, 2626, 4163]
20150812 04:17_[3642, 6002, 5250, 9460]
20150812 04:18_[6577, 9124, 6658, 7073]
20150812 04:19_[2165, 1725, 7680, 2869]
20150812 04:20_[8634, 3238, 5782, 8114]
20150812 04:21_[7077, 3030, 5860, 2624]
20150812 04:22_[5856, 2979, 3517, 5207]
20150812 04:23_[7935, 1949, 7639, 8574]
20150812 04:24_[3939, 3490, 1327, 4422]
20150812 04:25_[4752, 9524, 4880, 1298]
20150812 04:26_[8365, 3957, 9575, 8725]
20150812 04:27_[7624, 9905, 6796, 3079]
20150812 04:28_[2420, 5487, 3534, 3269]
20150812 04:29_[6135, 9091, 6715, 7959]
20150812 04:30_[1425, 5144, 8272, 8875]
20150812 04:31_[4015, 6731, 5122, 9413]
20150812 04:32_[3118, 3813, 5198, 7470]
20150812 04:33_[8657, 7865, 1390, 7448]
20150812 04:34_[9406, 4623, 2000, 8372]
20150812 04:35_[8340, 9135, 9708, 8361]
20150812 04:36_[4651, 2343, 5737, 8894]
20150812 04:37_[8604, 8874, 3659, 1576]
20150812 04:38_[6454, 8107, 8768, 3831]
20150812 04:39_[6441, 6120, 2739, 7929]
20150812 04:40_[5328, 2978, 3207, 3512]
20150812 04:41_[3120, 5038, 2206, 5888]
20150812 04:42_[5416, 2637, 1926, 8677]
20150812 04:43_[5837, 9042, 7112, 6662]
20150812 04:44_[2070, 3823, 8329, 4458]
20150812 04:45_[7343, 5442, 8486, 3623]
20150812 04:46_[4604, 8209, 2875, 1343]
20150812 04:47_[4256, 5743, 5245, 4368]
20150812 04:48_[1139, 1418, 9076, 1339]
20150812 04:49_[2000, 4187, 4509, 6959]
20150812 04:50_[8673, 3443, 1762, 8212]
20150812 04:51_[7186, 9997, 7583, 5632]
20150812 04:52_[1288, 1270, 5913, 1806]
20150812 04:53_[4047, 1322, 4705, 8013]
20150812 04:54_[9406, 7107, 9472, 1933]
20150812 04:55_[8183, 5368, 7119, 5870]
20150812 04:56_[1413, 7952, 4174, 3680]
20150812 04:57_[1406, 4685, 6249, 4595]
20150812 04:58_[1419, 3204, 5560, 7223]
20150812 04:59_[8572, 7987, 4898, 5563]
20150812 05:00_[3556, 7456, 1806, 3978]
20150812 05:01_[7658, 7444, 3583, 5622]
20150812 05:02_[8643, 7417, 4842, 4050]
20150812 05:03_[2606, 2297, 5958, 9950]
20150812 05:04_[8867, 2149, 9641, 9979]
20150812 05:05_[1919, 1537, 8986, 5958]
20150812 05:06_[1817, 8287, 1672, 2257]
20150812 05:07_[1360, 2404, 1176, 4378]
20150812 05:08_[4413, 9867, 3078, 6239]
20150812 05:09_[7177, 1684, 9191, 4701]
20150812 05:10_[9006, 2719, 9818, 8231]
20150812 05:11_[1451, 3741, 2674, 1194]
20150812 05:12_[1551, 8172, 6394, 3066]
20150812 05:13_[1069, 8940, 6079, 8119]
20150812 05:14_[1648, 5566, 8886, 8371]
20150812 05:15_[4189, 2959, 1882, 2127]
20150812 05:16_[5649, 2286, 4847, 4764]
20150812 05:17_[8613, 4669, 3101, 2205]
20150812 05:18_[9708, 9436, 6743, 3988]
20150812 05:19_[3804, 6512, 9337, 4747]
20150812 05:20_[9079, 5140, 4404, 8082]
20150812 05:21_[4322, 4537, 6843, 5026]
20150812 05:22_[5737, 5049, 6260, 9395]
20150812 05:23_[6437, 9740, 2847, 3849]
20150812 05:24_[7585, 5058, 9386, 1728]
20150812 05:25_[5312, 7250, 5177, 5272]
20150812 05:26_[8483, 8228, 4252, 6965]
20150812 05:27_[4198, 7466, 5877, 3455]
20150812 05:28_[2628, 7926, 6560, 9503]
20150812 05:29_[7520, 1822, 8842, 9638]
20150812 05:30_[8913, 9171, 6817, 9892]
20150812 05:31_[5585, 5716, 5010, 4312]
20150812 05:32_[6552, 2148, 2390, 5011]
20150812 05:33_[9580, 5696, 7459, 8411]
20150812 05:34_[3212, 7290, 4403, 7785]
20150812 05:35_[1519, 4268, 6496, 3536]
20150812 05:36_[2564, 7601, 5795, 7083]
20150812 05:37_[5588, 5399, 1508, 3684]
20150812 05:38_[2333, 2622, 9190, 6212]
20150812 05:39_[7572, 2551, 3671, 7642]
20150812 05:40_[5895, 7602, 2976, 4332]
20150812 05:41_[7776, 9076, 8823, 8214]
20150812 05:42_[5803, 1237, 4809, 4243]
20150812 05:43_[7902, 4759, 2100, 5009]
20150812 05:44_[8533, 2018, 5853, 6004]
20150812 05:45_[5467, 6339, 7020, 9204]
20150812 05:46_[4426, 5882, 4755, 7527]
20150812 05:47_[7687, 9844, 3174, 4500]
20150812 05:48_[3960, 6293, 1887, 2128]
20150812 05:49_[6040, 8460, 9387, 6627]
20150812 05:50_[8360, 9365, 7488, 5185]
20150812 05:51_[4034, 4058, 8146, 5888]
20150812 05:52_[2000, 5878, 6380, 2872]
20150812 05:53_[2051, 9503, 4006, 7260]
20150812 05:54_[8606, 8121, 9032, 4794]
20150812 05:55_[9488, 7871, 7386, 7415]
20150812 05:56_[9928, 9524, 5919, 5245]
20150812 05:57_[9072, 2280, 3419, 9231]
20150812 05:58_[4942, 2330, 9306, 2573]
20150812 05:59_[4774, 9584, 1433, 6352]
20150812 06:00_[8960, 4422, 7850, 9418]
20150812 06:01_[8117, 4536, 9550, 5814]
20150812 06:02_[8746, 4362, 9015, 8541]
20150812 06:03_[9568, 1459, 2887, 1590]
20150812 06:04_[1761, 4941, 2219, 8614]
20150812 06:05_[6639, 8566, 7952, 6611]
20150812 06:06_[4413, 1358, 6757, 4460]
20150812 06:07_[2746, 1714, 4849, 5197]
20150812 06:08_[1610, 3477, 1977, 1598]
20150812 06:09_[6297, 2761, 9131, 2032]
20150812 06:10_[3162, 5185, 3351, 3390]
20150812 06:11_[4862, 7085, 4329, 7939]
20150812 06:12_[9773, 5426, 3031, 1581]
20150812 06:13_[9989, 1726, 3307, 4186]
20150812 06:14_[8198, 3705, 6619, 6021]
20150812 06:15_[1445, 1533, 9449, 6421]
20150812 06:16_[3938, 6484, 2009, 5967]
20150812 06:17_[5604, 1407, 4068, 6639]
20150812 06:18_[1598, 4351, 1174, 7420]
20150812 06:19_[1426, 5129, 4082, 5128]
20150812 06:20_[9034, 3612, 3616, 3660]
20150812 06:21_[6754, 7217, 3430, 7107]
20150812 06:22_[7868, 1933, 1637, 4748]
20150812 06:23_[1795, 6929, 5437, 4022]
20150812 06:24_[4013, 9419, 6171, 3374]
20150812 06:25_[4741, 4767, 3102, 5031]
20150812 06:26_[5274, 8654, 4333, 7273]
20150812 06:27_[8751, 3574, 4478, 9146]
20150812 06:28_[7695, 2523, 7096, 4098]
20150812 06:29_[5493, 9671, 9208, 9251]
20150812 06:30_[3301, 1899, 5449, 2236]
20150812 06:31_[4810, 4119, 5926, 1175]
20150812 06:32_[2437, 8936, 8328, 7065]
20150812 06:33_[7857, 6766, 6628, 9774]
20150812 06:34_[6396, 5669, 2345, 7606]
20150812 06:35_[5418, 5150, 2148, 4587]
20150812 06:36_[8906, 9296, 9249, 6770]
20150812 06:37_[4793, 8137, 8982, 9567]
20150812 06:38_[5221, 4128, 4978, 8821]
20150812 06:39_[2202, 3091, 5531, 6011]
20150812 06:40_[9923, 8802, 5652, 9030]
20150812 06:41_[7929, 8936, 9623, 9971]
20150812 06:42_[4302, 1224, 8548, 4971]
20150812 06:43_[4331, 8995, 3468, 1710]
20150812 06:44_[9657, 7534, 4298, 1423]
20150812 06:45_[4653, 5741, 1166, 3636]
20150812 06:46_[6600, 2695, 5307, 5478]
20150812 06:47_[6767, 4371, 6476, 8721]
20150812 06:48_[3522, 4352, 6859, 9928]
20150812 06:49_[8843, 1476, 6999, 9838]
20150812 06:50_[3914, 9129, 7448, 7404]
20150812 06:51_[3506, 5831, 7806, 5247]
20150812 06:52_[8154, 8149, 1084, 4600]
20150812 06:53_[8610, 6982, 7679, 1955]
20150812 06:54_[3481, 3099, 3696, 4707]
20150812 06:55_[4841, 8241, 3799, 1357]
20150812 06:56_[5166, 1546, 4487, 9322]
20150812 06:57_[8258, 1484, 9606, 4299]
20150812 06:58_[7174, 6756, 3381, 6492]
20150812 06:59_[6937, 9182, 8215, 6941]
20150812 07:00_[7220, 6315, 3341, 6671]
20150812 07:01_[2628, 4952, 8825, 5304]
20150812 07:02_[3694, 8160, 4186, 8978]
20150812 07:03_[8591, 4086, 2451, 7889]
20150812 07:04_[6020, 1286, 1717, 2809]
20150812 07:05_[5555, 4909, 2690, 3172]
20150812 07:06_[4737, 9155, 4174, 4922]
20150812 07:07_[6019, 6367, 4566, 4065]
20150812 07:08_[7806, 8514, 2590, 4371]
20150812 07:09_[9111, 8771, 3227, 7009]
20150812 07:10_[4238, 3114, 8083, 7666]
20150812 07:11_[7370, 7118, 2754, 3477]
20150812 07:12_[7673, 6571, 5547, 5936]
20150812 07:13_[5171, 8793, 3834, 9027]
20150812 07:14_[8539, 6558, 2650, 7694]
20150812 07:15_[1042, 6019, 3420, 9539]
20150812 07:16_[1674, 8686, 4493, 7205]
20150812 07:17_[8797, 9078, 8270, 4254]
20150812 07:18_[2350, 6337, 8657, 2599]
20150812 07:19_[3937, 1660, 9245, 3404]
20150812 07:20_[5323, 8142, 4153, 2984]
20150812 07:21_[3182, 9762, 2118, 9319]
20150812 07:22_[7562, 7604, 1228, 2230]
20150812 07:23_[1729, 8397, 9946, 4504]
20150812 07:24_[2761, 6507, 2900, 6059]
20150812 07:25_[1767, 9293, 2194, 1486]
20150812 07:26_[9742, 3299, 9922, 3485]
20150812 07:27_[7427, 4374, 4550, 8359]
20150812 07:28_[2424, 2476, 7247, 1896]
20150812 07:29_[1154, 6484, 1277, 8796]
20150812 07:30_[9819, 1193, 9499, 1638]
20150812 07:31_[7342, 8854, 1939, 3401]
20150812 07:32_[6585, 5787, 2961, 3361]
20150812 07:33_[1880, 1944, 9219, 4973]
20150812 07:34_[5226, 2817, 9184, 1566]
20150812 07:35_[6654, 7315, 7662, 4308]
20150812 07:36_[5128, 1109, 2902, 8228]
20150812 07:37_[5771, 8084, 8287, 1443]
20150812 07:38_[6887, 4684, 5113, 5620]
20150812 07:39_[5657, 3223, 8489, 9223]
20150812 07:40_[8575, 4597, 6057, 2577]
20150812 07:41_[7299, 5224, 3004, 7647]
20150812 07:42_[9005, 6327, 8109, 9730]
20150812 07:43_[9007, 9209, 9472, 6271]
20150812 07:44_[9427, 6484, 9665, 7087]
20150812 07:45_[3377, 1346, 5020, 8938]
20150812 07:46_[3733, 2152, 5849, 5071]
20150812 07:47_[1320, 7529, 8077, 9580]
20150812 07:48_[5723, 1201, 5326, 8590]
20150812 07:49_[5466, 8426, 2047, 4537]
20150812 07:50_[9168, 7267, 5937, 4386]
20150812 07:51_[4592, 5617, 6430, 5524]
20150812 07:52_[1322, 3439, 4180, 5465]
20150812 07:53_[5630, 7380, 7063, 9682]
20150812 07:54_[8479, 7611, 7587, 8619]
20150812 07:55_[4546, 5647, 5345, 4100]
20150812 07:56_[5741, 1681, 2317, 9640]
20150812 07:57_[2042, 9292, 1884, 9157]
20150812 07:58_[1653, 2684, 5943, 1467]
20150812 07:59_[7894, 2801, 9453, 9426]
20150812 08:00_[2528, 3934, 8687, 7307]
20150812 08:01_[1992, 6911, 5180, 8543]
20150812 08:02_[8620, 9373, 6317, 7183]
20150812 08:03_[3132, 6023, 4241, 7724]
20150812 08:04_[9942, 8649, 6179, 5197]
20150812 08:05_[5756, 7099, 1870, 7711]
20150812 08:06_[6384, 2977, 4233, 3952]
20150812 08:07_[6706, 2381, 5166, 1580]
20150812 08:08_[5688, 9268, 4004, 1168]
20150812 08:09_[1777, 3678, 2832, 8196]
20150812 08:10_[2791, 2281, 7503, 8579]
20150812 08:11_[9268, 7194, 4058, 3014]
20150812 08:12_[1018, 6278, 2161, 2344]
20150812 08:13_[8603, 8953, 5093, 6292]
20150812 08:14_[8622, 9276, 9941, 6054]
20150812 08:15_[9514, 1021, 3815, 6000]
20150812 08:16_[4896, 7467, 6884, 3393]
20150812 08:17_[7603, 8490, 1586, 7740]
20150812 08:18_[8363, 5384, 2120, 2621]
20150812 08:19_[9271, 8069, 2023, 5003]
20150812 08:20_[7067, 7718, 7330, 7209]
20150812 08:21_[4549, 2480, 7577, 7614]
20150812 08:22_[7058, 2411, 9684, 4226]
20150812 08:23_[3323, 5188, 8331, 7623]
20150812 08:24_[8822, 1944, 4048, 3278]
20150812 08:25_[9071, 9798, 7427, 5375]
20150812 08:26_[1831, 6130, 8417, 4122]
20150812 08:27_[7102, 9072, 6644, 3624]
20150812 08:28_[3420, 1200, 3756, 9205]
20150812 08:29_[7844, 3903, 7367, 4971]
20150812 08:30_[8045, 6373, 6481, 4189]
20150812 08:31_[7496, 2455, 6325, 4887]
20150812 08:32_[9156, 2434, 8213, 4819]
20150812 08:33_[4225, 8488, 2955, 3029]
20150812 08:34_[4142, 4229, 5066, 2833]
20150812 08:35_[9760, 8370, 2194, 3483]
20150812 08:36_[1639, 5640, 4645, 8165]
20150812 08:37_[6521, 8229, 1474, 1811]
20150812 08:38_[4643, 5674, 5822, 3301]
20150812 08:39_[4454, 8822, 5191, 9032]
20150812 08:40_[8812, 1703, 6230, 6682]
20150812 08:41_[4294, 3284, 6575, 7518]
20150812 08:42_[7943, 9618, 7495, 1668]
20150812 08:43_[4199, 5716, 3492, 1035]
20150812 08:44_[7792, 2340, 8367, 9584]
20150812 08:45_[8997, 1423, 3005, 3729]
20150812 08:46_[6903, 4509, 1569, 3356]
20150812 08:47_[1889, 4940, 6348, 9023]
20150812 08:48_[7478, 1326, 8430, 8455]
20150812 08:49_[3099, 8741, 2868, 6030]
20150812 08:50_[2325, 1356, 2884, 5674]
20150812 08:51_[5877, 6738, 8881, 6609]
20150812 08:52_[7314, 1679, 9264, 7813]
20150812 08:53_[2098, 9671, 9007, 2526]
20150812 08:54_[9646, 6743, 3021, 4962]
20150812 08:55_[6544, 2169, 3123, 6554]
20150812 08:56_[6439, 9357, 1011, 7416]
20150812 08:57_[9815, 4856, 5153, 8698]
20150812 08:58_[4170, 8417, 6590, 8777]
20150812 08:59_[2570, 5400, 7008, 6721]
20150812 09:00_[7226, 9746, 8646, 1298]
20150812 09:01_[8738, 7845, 7733, 2787]
20150812 09:02_[2527, 2798, 4240, 4221]
20150812 09:03_[1783, 5804, 7972, 7518]
20150812 09:04_[9920, 7310, 8036, 8942]
20150812 09:05_[1127, 7872, 2235, 9087]
20150812 09:06_[2824, 4820, 5075, 4784]
20150812 09:07_[2971, 8551, 4435, 5088]
20150812 09:08_[6602, 2808, 1853, 2692]
20150812 09:09_[9281, 4916, 6822, 6414]
20150812 09:10_[7479, 1704, 5154, 5871]
20150812 09:11_[1124, 4530, 1802, 9497]
20150812 09:12_[1137, 1393, 3552, 7474]
20150812 09:13_[5051, 2953, 2915, 7191]
20150812 09:14_[5693, 8990, 1000, 5113]
20150812 09:15_[3340, 3664, 8965, 5449]
20150812 09:16_[8702, 6349, 2918, 1336]
20150812 09:17_[8393, 7566, 2145, 2795]
20150812 09:18_[2993, 8669, 3870, 8198]
20150812 09:19_[8084, 3799, 2746, 7330]
20150812 09:20_[7789, 6829, 1498, 2987]
20150812 09:21_[2682, 2213, 7496, 7812]
20150812 09:22_[2867, 1338, 5975, 8778]
20150812 09:23_[3713, 6633, 1830, 1843]
20150812 09:24_[4902, 6414, 5359, 5911]
20150812 09:25_[9892, 1287, 2763, 1287]
20150812 09:26_[8530, 6134, 3224, 3754]
20150812 09:27_[9301, 5579, 7381, 6543]
20150812 09:28_[6065, 8452, 1117, 2236]
20150812 09:29_[4026, 9839, 1646, 5476]
20150812 09:30_[3602, 2607, 4653, 6768]
20150812 09:31_[4838, 4058, 8005, 7846]
20150812 09:32_[5225, 5086, 5183, 6646]
20150812 09:33_[1902, 8308, 7739, 2367]
20150812 09:34_[1682, 8164, 6575, 3680]
20150812 09:35_[9831, 1279, 1462, 7662]
20150812 09:36_[3463, 5797, 3055, 9683]
20150812 09:37_[1946, 3172, 4627, 8895]
20150812 09:38_[6877, 3398, 6932, 7722]
20150812 09:39_[1153, 5687, 6879, 3168]
20150812 09:40_[3255, 8626, 2536, 6849]
20150812 09:41_[7590, 6196, 7830, 2024]
20150812 09:42_[5289, 7272, 6263, 3462]
20150812 09:43_[6634, 4488, 7737, 9464]
20150812 09:44_[2018, 1952, 9191, 3160]
20150812 09:45_[3602, 6139, 3004, 4533]
20150812 09:46_[1336, 9459, 1930, 9926]
20150812 09:47_[2092, 4031, 5448, 9921]
20150812 09:48_[5260, 3363, 9772, 3482]
20150812 09:49_[5621, 5845, 2205, 9787]
20150812 09:50_[6958, 1230, 2235, 9740]
20150812 09:51_[7101, 6568, 5843, 9793]
20150812 09:52_[9377, 5684, 4405, 9519]
20150812 09:53_[3138, 2336, 5966, 7688]
20150812 09:54_[7169, 2524, 9810, 4111]
20150812 09:55_[2326, 2227, 5515, 5515]
20150812 09:56_[6945, 2845, 7444, 1670]
20150812 09:57_[6904, 4964, 4904, 8155]
20150812 09:58_[8719, 2427, 1975, 9918]
20150812 09:59_[3996, 3411, 6323, 8177]
20150812 10:00_[3776, 4173, 2840, 6611]
20150812 10:01_[1039, 4332, 9678, 3754]
20150812 10:02_[6386, 4489, 9156, 8235]
20150812 10:03_[9644, 9933, 4127, 2456]
20150812 10:04_[6496, 2230, 8073, 3837]
20150812 10:05_[9768, 6555, 9140, 1943]
20150812 10:06_[4563, 5915, 1833, 1994]
20150812 10:07_[1584, 8714, 2622, 4498]
20150812 10:08_[8009, 7582, 6743, 1386]
20150812 10:09_[6773, 7197, 1306, 9912]
20150812 10:10_[8172, 3909, 8438, 1690]
20150812 10:11_[5190, 8487, 4745, 8952]
20150812 10:12_[2668, 9748, 3526, 8217]
20150812 10:13_[6559, 1429, 7320, 2231]
20150812 10:14_[5557, 8842, 4157, 5117]
20150812 10:15_[7019, 6655, 8672, 9584]
20150812 10:16_[6375, 5318, 6788, 6488]
20150812 10:17_[9228, 7932, 7524, 7554]
20150812 10:18_[4850, 7897, 5002, 2664]
20150812 10:19_[7536, 9107, 5511, 3200]
20150812 10:20_[6840, 6098, 2063, 3893]
20150812 10:21_[9558, 7913, 4101, 2325]
20150812 10:22_[8175, 3951, 8008, 4857]
20150812 10:23_[4006, 3552, 7025, 5901]
20150812 10:24_[5784, 7432, 2539, 2288]
20150812 10:25_[3241, 5620, 2488, 1030]
20150812 10:26_[5139, 6914, 1902, 6308]
20150812 10:27_[7716, 5470, 9910, 8046]
20150812 10:28_[2071, 9850, 5006, 7532]
20150812 10:29_[8548, 9268, 9065, 8310]
20150812 10:30_[9899, 5592, 7236, 7306]
20150812 10:31_[8601, 8261, 5843, 8555]
20150812 10:32_[9155, 6539, 8263, 8739]
20150812 10:33_[4638, 7268, 8206, 9138]
20150812 10:34_[9282, 4909, 4545, 9993]
20150812 10:35_[6192, 9885, 4695, 7697]
20150812 10:36_[5680, 4445, 3184, 5480]
20150812 10:37_[8478, 7212, 1129, 3213]
20150812 10:38_[7746, 3239, 9830, 1284]
20150812 10:39_[9519, 6197, 4858, 6396]
20150812 10:40_[6461, 4729, 7962, 9463]
20150812 10:41_[6415, 9396, 3350, 9786]
20150812 10:42_[3849, 4738, 2418, 7687]
20150812 10:43_[7893, 8062, 5002, 8979]
20150812 10:44_[4431, 5619, 7779, 8553]
20150812 10:45_[2359, 4223, 4933, 1339]
20150812 10:46_[7350, 8354, 3374, 9008]
20150812 10:47_[8152, 5983, 8712, 6998]
20150812 10:48_[8575, 7627, 4762, 3553]
20150812 10:49_[1430, 1604, 2819, 2445]
20150812 10:50_[9685, 4071, 6801, 6918]
20150812 10:51_[9149, 8299, 3298, 2113]
20150812 10:52_[8178, 8749, 9808, 7578]
20150812 10:53_[9506, 9602, 6510, 5295]
20150812 10:54_[9278, 6504, 4102, 1352]
20150812 10:55_[8422, 6140, 3377, 4885]
20150812 10:56_[9686, 3814, 4112, 3488]
20150812 10:57_[3279, 3525, 6574, 2355]
20150812 10:58_[6424, 2872, 7215, 4704]
20150812 10:59_[2177, 7877, 8752, 2969]
20150812 11:00_[3863, 1744, 2046, 9199]
20150812 11:01_[8151, 3121, 1544, 6447]
20150812 11:02_[8050, 9730, 5865, 2964]
20150812 11:03_[4531, 4321, 6022, 6931]
20150812 11:04_[1103, 7756, 2290, 7192]
20150812 11:05_[4493, 5706, 7987, 5319]
20150812 11:06_[7397, 2039, 6436, 9103]
20150812 11:07_[7603, 6407, 6807, 4924]
20150812 11:08_[7637, 9551, 2728, 9467]
20150812 11:09_[6565, 7236, 7518, 8387]
20150812 11:10_[7555, 9429, 7467, 5967]
20150812 11:11_[4962, 4831, 3660, 5144]
20150812 11:12_[9442, 1671, 9747, 8018]
20150812 11:13_[7000, 9250, 6132, 9221]
20150812 11:14_[6639, 9527, 5719, 2948]
20150812 11:15_[3169, 4909, 7501, 7177]
20150812 11:16_[1664, 4126, 4350, 1122]
20150812 11:17_[9366, 9514, 4458, 5306]
20150812 11:18_[5153, 5920, 2441, 2338]
20150812 11:19_[5499, 9790, 9243, 3729]
20150812 11:20_[5986, 5747, 3584, 8187]
20150812 11:21_[7170, 4639, 8128, 1759]
20150812 11:22_[7186, 1785, 3011, 3327]
20150812 11:23_[7589, 8977, 4417, 8306]
20150812 11:24_[2396, 3708, 4282, 4272]
20150812 11:25_[1794, 9953, 4011, 6460]
20150812 11:26_[2006, 4889, 1809, 7742]
20150812 11:27_[9386, 3543, 9528, 8315]
20150812 11:28_[3239, 7095, 3023, 7413]
20150812 11:29_[6534, 2157, 6645, 5966]
20150812 11:30_[6795, 2112, 9803, 7321]
20150812 11:31_[1515, 2889, 2095, 6046]
20150812 11:32_[7436, 7748, 8003, 5008]
20150812 11:33_[3446, 9786, 7651, 9614]
20150812 11:34_[4158, 3094, 3152, 8246]
20150812 11:35_[1960, 8266, 7177, 3635]
20150812 11:36_[5392, 4566, 7242, 2359]
20150812 11:37_[3390, 4886, 6178, 2859]
20150812 11:38_[6133, 2178, 2171, 8741]
20150812 11:39_[8541, 8243, 8352, 8138]
20150812 11:40_[7160, 9466, 1344, 7306]
20150812 11:41_[2974, 1912, 3709, 1182]
20150812 11:42_[9418, 2285, 2255, 7431]
20150812 11:43_[2501, 8491, 6584, 1956]
20150812 11:44_[4533, 3350, 2540, 4502]
20150812 11:45_[9818, 2201, 9731, 7094]
20150812 11:46_[8641, 5857, 2923, 5762]
20150812 11:47_[9893, 8379, 9180, 6061]
20150812 11:48_[1361, 9818, 6096, 5837]
20150812 11:49_[3213, 6149, 6554, 5663]
20150812 11:50_[3896, 7360, 5246, 5872]
20150812 11:51_[6901, 2994, 2782, 7726]
20150812 11:52_[1607, 4752, 1484, 4163]
20150812 11:53_[7247, 2993, 9509, 8740]
20150812 11:54_[3870, 3320, 2758, 5771]
20150812 11:55_[8637, 1653, 7748, 1391]
20150812 11:56_[5315, 3893, 9454, 4562]
20150812 11:57_[1042, 6781, 7281, 9092]
20150812 11:58_[5065, 2886, 8676, 9993]
20150812 11:59_[8759, 5144, 2699, 4221]
20150812 12:00_[1387, 6662, 7427, 4674]
20150812 12:01_[4406, 1627, 9733, 8023]
20150812 12:02_[3848, 7876, 3348, 3965]
20150812 12:03_[6379, 9201, 6232, 4855]
20150812 12:04_[7813, 5549, 5136, 1073]
20150812 12:05_[7800, 4869, 6297, 5704]
20150812 12:06_[6414, 6539, 2232, 4281]
20150812 12:07_[3933, 9380, 3811, 6120]
20150812 12:08_[6527, 9104, 6879, 7019]
20150812 12:09_[2494, 9494, 4182, 8520]
20150812 12:10_[8123, 1011, 3958, 1932]
20150812 12:11_[1763, 1075, 3023, 7552]
20150812 12:12_[6251, 9418, 7457, 4319]
20150812 12:13_[5342, 7526, 8502, 3290]
20150812 12:14_[7104, 8258, 1415, 9857]
20150812 12:15_[8266, 5585, 6906, 2822]
20150812 12:16_[7015, 6339, 9801, 1768]
20150812 12:17_[5881, 7032, 3957, 4110]
20150812 12:18_[4358, 1624, 7669, 2702]
20150812 12:19_[9080, 3805, 3114, 2699]
20150812 12:20_[6956, 2340, 7150, 6156]
20150812 12:21_[7468, 1054, 3551, 9451]
20150812 12:22_[8866, 2543, 2621, 9882]
20150812 12:23_[3876, 9009, 3305, 2426]
20150812 12:24_[9766, 8160, 8153, 3031]
20150812 12:25_[5470, 4439, 3303, 9130]
20150812 12:26_[5505, 9411, 3976, 5821]
20150812 12:27_[9294, 6719, 8153, 8940]
20150812 12:28_[6407, 6959, 9207, 8633]
20150812 12:29_[1740, 5412, 9405, 4513]
20150812 12:30_[4653, 3159, 6880, 7314]
20150812 12:31_[1906, 1340, 3327, 3663]
20150812 12:32_[7409, 9340, 8710, 4265]
20150812 12:33_[1256, 2628, 2328, 9439]
20150812 12:34_[7257, 3803, 1862, 5404]
20150812 12:35_[7458, 4204, 4667, 7751]
20150812 12:36_[4968, 1730, 7382, 4804]
20150812 12:37_[1172, 8764, 9818, 6796]
20150812 12:38_[9609, 2677, 5876, 2299]
20150812 12:39_[7346, 7640, 7776, 5059]
20150812 12:40_[8707, 3844, 4178, 5758]
20150812 12:41_[7227, 9500, 4001, 5409]
20150812 12:42_[9494, 5906, 7731, 2906]
20150812 12:43_[1496, 9890, 5500, 6545]
20150812 12:44_[7540, 9537, 1291, 5252]
20150812 12:45_[9318, 6175, 3769, 8223]
20150812 12:46_[4685, 1264, 1366, 3809]
20150812 12:47_[6924, 8649, 6863, 1349]
20150812 12:48_[5144, 7038, 8701, 2896]
20150812 12:49_[3693, 2663, 9882, 6450]
20150812 12:50_[1463, 3768, 4699, 5925]
20150812 12:51_[6549, 2276, 1678, 1405]
20150812 12:52_[6104, 3695, 4755, 4776]
20150812 12:53_[8342, 5821, 7001, 6520]
20150812 12:54_[3656, 3929, 3378, 5704]
20150812 12:55_[4540, 1507, 5895, 9156]
20150812 12:56_[5368, 4427, 3297, 6752]
20150812 12:57_[5450, 2610, 1758, 9920]
20150812 12:58_[2358, 9332, 1256, 1335]
20150812 12:59_[1376, 6366, 3463, 4823]
20150812 13:00_[7719, 9517, 6746, 2096]
20150812 13:01_[6706, 1624, 8765, 1946]
20150812 13:02_[8333, 3440, 6833, 9028]
20150812 13:03_[1834, 3429, 8847, 7183]
20150812 13:04_[8668, 8593, 9730, 9998]
20150812 13:05_[4688, 1227, 5788, 4527]
20150812 13:06_[2353, 9067, 7589, 3750]
20150812 13:07_[1805, 1029, 5837, 6189]
20150812 13:08_[4589, 4451, 9692, 6315]
20150812 13:09_[8847, 9041, 1820, 4399]
20150812 13:10_[5365, 1371, 2864, 2507]
20150812 13:11_[1243, 6576, 1671, 5573]
20150812 13:12_[7348, 4255, 1915, 6083]
20150812 13:13_[8550, 8410, 1335, 3373]
20150812 13:14_[4541, 2969, 7330, 5313]
20150812 13:15_[1892, 3709, 9007, 2507]
20150812 13:16_[9258, 6150, 3189, 2945]
20150812 13:17_[5629, 4550, 5489, 4812]
20150812 13:18_[9516, 8373, 3641, 1245]
20150812 13:19_[7673, 1683, 4679, 8901]
20150812 13:20_[4461, 9544, 9670, 7226]
20150812 13:21_[7420, 9444, 1399, 6115]
20150812 13:22_[1810, 7773, 8871, 8587]
20150812 13:23_[6700, 6663, 8161, 2598]
20150812 13:24_[5294, 4411, 7560, 8840]
20150812 13:25_[2074, 4256, 7225, 1886]
20150812 13:26_[9635, 9613, 4314, 9334]
20150812 13:27_[8804, 4158, 5150, 3565]
20150812 13:28_[2463, 3184, 8288, 8957]
20150812 13:29_[1371, 9859, 1525, 8788]
20150812 13:30_[2244, 1077, 1432, 2335]
20150812 13:31_[8504, 2261, 7675, 8275]
20150812 13:32_[3377, 7671, 3323, 6545]
20150812 13:33_[8537, 6086, 9416, 5644]
20150812 13:34_[2826, 8907, 6663, 8518]
20150812 13:35_[3889, 5263, 2790, 5404]
20150812 13:36_[4295, 4458, 4033, 5571]
20150812 13:37_[3623, 2207, 2441, 7540]
20150812 13:38_[6658, 3449, 7004, 7932]
20150812 13:39_[6347, 4805, 4409, 9870]
20150812 13:40_[9631, 9339, 4350, 9552]
20150812 13:41_[6924, 9163, 2866, 2841]
20150812 13:42_[3535, 6539, 8995, 5125]
20150812 13:43_[4550, 5869, 8817, 5544]
20150812 13:44_[5047, 4501, 3620, 4807]
20150812 13:45_[9371, 9611, 7991, 7230]
20150812 13:46_[3283, 9701, 9966, 6053]
20150812 13:47_[6092, 8850, 8718, 7405]
20150812 13:48_[4330, 3875, 9444, 5823]
20150812 13:49_[9202, 3912, 6214, 1173]
20150812 13:50_[5946, 4533, 3998, 4772]
20150812 13:51_[3018, 6748, 7087, 5414]
20150812 13:52_[9061, 7715, 8322, 6359]
20150812 13:53_[6302, 6830, 2699, 1061]
20150812 13:54_[9461, 6491, 8536, 7930]
20150812 13:55_[9820, 5563, 9393, 7928]
20150812 13:56_[9213, 3583, 3510, 5546]
20150812 13:57_[6715, 2819, 2888, 7611]
20150812 13:58_[1961, 1378, 6438, 5980]
20150812 13:59_[9278, 4144, 8115, 6741]
20150812 14:00_[9307, 6431, 2663, 8372]
20150812 14:01_[6677, 3245, 2073, 6372]
20150812 14:02_[5111, 6662, 5882, 8912]
20150812 14:03_[6452, 2295, 5752, 3668]
20150812 14:04_[4860, 8404, 8748, 6295]
20150812 14:05_[4480, 4346, 9231, 6966]
20150812 14:06_[6663, 5056, 2971, 7973]
20150812 14:07_[4678, 7061, 6567, 5502]
20150812 14:08_[2398, 2310, 3330, 6279]
20150812 14:09_[7737, 1938, 2877, 5696]
20150812 14:10_[4392, 3834, 5270, 6026]
20150812 14:11_[8507, 8748, 9781, 2796]
20150812 14:12_[4707, 3137, 7069, 5563]
20150812 14:13_[6609, 2019, 7743, 3972]
20150812 14:14_[5793, 3880, 3650, 9081]
20150812 14:15_[8106, 2728, 9772, 6193]
20150812 14:16_[3402, 7494, 3535, 8771]
20150812 14:17_[5695, 6005, 6480, 3175]
20150812 14:18_[6695, 6346, 7856, 8230]
20150812 14:19_[2712, 2327, 6992, 8625]
20150812 14:20_[9091, 5020, 1815, 7754]
20150812 14:21_[6776, 5834, 6771, 9616]
20150812 14:22_[5242, 3603, 9227, 8693]
20150812 14:23_[6543, 3241, 9455, 2076]
20150812 14:24_[6713, 4547, 6366, 2593]
20150812 14:25_[5350, 2923, 1880, 4307]
20150812 14:26_[8534, 2254, 2395, 8657]
20150812 14:27_[1754, 6915, 5208, 9175]
20150812 14:28_[6891, 7414, 3146, 3173]
20150812 14:29_[9966, 7044, 4919, 2415]
20150812 14:30_[4728, 5459, 7139, 7461]
20150812 14:31_[7588, 5654, 6162, 5018]
20150812 14:32_[8665, 7384, 8140, 2711]
20150812 14:33_[3608, 6373, 3026, 7243]
20150812 14:34_[9859, 5476, 4337, 3246]
20150812 14:35_[8985, 1778, 1410, 6279]
20150812 14:36_[8013, 8047, 9556, 9930]
20150812 14:37_[5965, 5227, 4119, 2917]
20150812 14:38_[7071, 8265, 2143, 9318]
20150812 14:39_[1633, 1970, 9123, 6654]
20150812 14:40_[1177, 6074, 2918, 8304]
20150812 14:41_[9325, 9891, 6555, 4670]
20150812 14:42_[5833, 5201, 6744, 4695]
20150812 14:43_[1810, 8971, 6185, 3157]
20150812 14:44_[3968, 4167, 7715, 2659]
20150812 14:45_[3334, 4441, 4796, 3801]
20150812 14:46_[6600, 8894, 4746, 2834]
20150812 14:47_[8824, 1506, 8969, 4097]
20150812 14:48_[9895, 7080, 1973, 2875]
20150812 14:49_[3435, 4515, 6773, 4500]
20150812 14:50_[2193, 4618, 1213, 6723]
20150812 14:51_[9921, 7154, 7206, 6392]
20150812 14:52_[2843, 6251, 5158, 8579]
20150812 14:53_[7403, 6554, 7451, 6797]
20150812 14:54_[8614, 7498, 4857, 4958]
20150812 14:55_[8162, 5622, 4534, 2302]
20150812 14:56_[3057, 6830, 2485, 7284]
20150812 14:57_[2778, 1876, 3703, 6828]
20150812 14:58_[4970, 7797, 5565, 3229]
20150812 14:59_[8386, 6809, 3017, 9422]
20150812 15:00_[5762, 9187, 1547, 1029]
20150812 15:01_[2026, 9953, 8897, 4502]
20150812 15:02_[1470, 3589, 4940, 3809]
20150812 15:03_[3417, 2921, 1789, 8873]
20150812 15:04_[6561, 8000, 8221, 2293]
20150812 15:05_[8154, 3459, 5860, 5042]
20150812 15:06_[8360, 6257, 4744, 8177]
20150812 15:07_[4787, 8880, 1674, 7986]
20150812 15:08_[2341, 2315, 3157, 4425]
20150812 15:09_[8823, 9771, 4623, 1182]
20150812 15:10_[1710, 2629, 2086, 2259]
20150812 15:11_[5196, 3346, 3228, 7539]
20150812 15:12_[4319, 7460, 5527, 3417]
20150812 15:13_[1341, 9471, 9369, 4607]
20150812 15:14_[7984, 2249, 1756, 1283]
20150812 15:15_[2761, 4043, 8633, 4973]
20150812 15:16_[6532, 4167, 7998, 6546]
20150812 15:17_[5583, 2865, 7200, 5767]
20150812 15:18_[7246, 9770, 7996, 8770]
20150812 15:19_[3468, 4944, 4611, 6714]
20150812 15:20_[5704, 2606, 5683, 7619]
20150812 15:21_[7427, 3774, 4411, 5861]
20150812 15:22_[3501, 7709, 2247, 9759]
20150812 15:23_[6522, 8540, 3526, 1884]
20150812 15:24_[2818, 7889, 4245, 6471]
20150812 15:25_[9451, 6734, 5506, 3106]
20150812 15:26_[5082, 5579, 4662, 3762]
20150812 15:27_[7478, 3425, 5307, 6387]
20150812 15:28_[4114, 5525, 8622, 1905]
20150812 15:29_[5636, 3130, 8988, 5603]
20150812 15:30_[5778, 7167, 9645, 1012]
20150812 15:31_[9758, 6376, 5039, 8890]
20150812 15:32_[9977, 4534, 7080, 9478]
20150812 15:33_[1504, 4807, 7131, 6385]
20150812 15:34_[5649, 2056, 7124, 5682]
20150812 15:35_[8732, 2352, 9373, 5021]
20150812 15:36_[3693, 9804, 8662, 9536]
20150812 15:37_[8446, 5539, 6138, 3965]
20150812 15:38_[1823, 7852, 9692, 1776]
20150812 15:39_[4901, 8854, 2103, 8755]
20150812 15:40_[1569, 9343, 5319, 4909]
20150812 15:41_[3980, 7335, 1757, 6151]
20150812 15:42_[5088, 3953, 2086, 2852]
20150812 15:43_[5227, 4086, 7463, 8275]
20150812 15:44_[9539, 9586, 9954, 1195]
20150812 15:45_[8015, 1864, 8293, 4003]
20150812 15:46_[7853, 1931, 1925, 9755]
20150812 15:47_[6575, 9068, 9033, 9254]
20150812 15:48_[4783, 7335, 1321, 2664]
20150812 15:49_[2003, 3027, 3452, 7348]
20150812 15:50_[4646, 5693, 1015, 5934]
20150812 15:51_[5358, 3971, 5826, 6805]
20150812 15:52_[5841, 9330, 2452, 2288]
20150812 15:53_[4063, 9764, 5451, 5253]
20150812 15:54_[8244, 4483, 5439, 5925]
20150812 15:55_[3639, 8350, 1753, 1318]
20150812 15:56_[7876, 2649, 6517, 5773]
20150812 15:57_[7632, 2183, 4876, 8217]
20150812 15:58_[4983, 4304, 1276, 6445]
20150812 15:59_[1497, 4138, 7496, 9868]
20150812 16:00_[9659, 6834, 7266, 2183]
20150812 16:01_[7542, 1711, 6295, 9804]
20150812 16:02_[1433, 4368, 4096, 1530]
20150812 16:03_[8448, 8056, 5892, 7358]
20150812 16:04_[2961, 8549, 9207, 5570]
20150812 16:05_[3642, 3706, 4883, 5052]
20150812 16:06_[4866, 6981, 9767, 3550]
20150812 16:07_[5269, 3724, 6103, 8708]
20150812 16:08_[8234, 4115, 9830, 1913]
20150812 16:09_[4663, 3248, 3351, 8737]
20150812 16:10_[4210, 8071, 1033, 7771]
20150812 16:11_[2562, 6087, 2482, 9698]
20150812 16:12_[5844, 5352, 8344, 8928]
20150812 16:13_[4403, 8437, 1685, 8229]
20150812 16:14_[8836, 6774, 1567, 2196]
20150812 16:15_[7165, 6426, 5741, 6678]
20150812 16:16_[9319, 3276, 6599, 6877]
20150812 16:17_[1285, 2060, 6310, 8428]
20150812 16:18_[2703, 5316, 9051, 4415]
20150812 16:19_[6031, 7049, 9362, 4072]
20150812 16:20_[8527, 1766, 4935, 2335]
20150812 16:21_[8965, 3341, 8882, 3374]
20150812 16:22_[1455, 5500, 1075, 9373]
20150812 16:23_[5853, 1099, 1746, 3397]
20150812 16:24_[3256, 1392, 7945, 5641]
20150812 16:25_[9772, 8237, 9761, 9488]
20150812 16:26_[2726, 7350, 3510, 4407]
20150812 16:27_[4957, 3172, 8564, 5940]
20150812 16:28_[8285, 3602, 2989, 6680]
20150812 16:29_[7043, 8942, 9465, 7530]
20150812 16:30_[7574, 6982, 3861, 4122]
20150812 16:31_[4641, 5395, 4890, 8636]
20150812 16:32_[4062, 9844, 4128, 4764]
20150812 16:33_[8179, 1016, 3839, 4830]
20150812 16:34_[9025, 7529, 8772, 3714]
20150812 16:35_[6557, 8833, 7258, 4585]
20150812 16:36_[8528, 3970, 6296, 5722]
20150812 16:37_[9286, 6848, 3831, 1080]
20150812 16:38_[8005, 4842, 4193, 1604]
20150812 16:39_[9146, 5870, 6681, 9003]
20150812 16:40_[3335, 2968, 9447, 7037]
20150812 16:41_[1133, 1148, 1835, 6580]
20150812 16:42_[4901, 3659, 7747, 3262]
20150812 16:43_[8481, 7901, 1624, 7293]
20150812 16:44_[3399, 8249, 3169, 5809]
20150812 16:45_[1660, 3589, 5161, 4670]
20150812 16:46_[4757, 9901, 3464, 6125]
20150812 16:47_[3501, 7978, 6073, 8020]
20150812 16:48_[6137, 5481, 2823, 4564]
20150812 16:49_[2061, 2330, 8497, 7596]
20150812 16:50_[8149, 5268, 7848, 6051]
20150812 16:51_[4151, 5651, 2686, 6917]
20150812 16:52_[9144, 2601, 5297, 3658]
20150812 16:53_[5224, 8883, 8307, 1772]
20150812 16:54_[5200, 2740, 6178, 5505]
20150812 16:55_[8791, 3823, 9911, 9397]
20150812 16:56_[4750, 2248, 7894, 6592]
20150812 16:57_[6888, 3116, 4661, 2182]
20150812 16:58_[9099, 4028, 4398, 5737]
20150812 16:59_[9378, 3762, 8910, 4472]
20150812 17:00_[9933, 3487, 8254, 3101]
20150812 17:01_[3375, 8716, 5974, 2898]
20150812 17:02_[5456, 9625, 8543, 7559]
20150812 17:03_[2609, 5070, 2767, 9862]
20150812 17:04_[2610, 4727, 5428, 9101]
20150812 17:05_[3039, 3189, 8405, 6756]
20150812 17:06_[9591, 3561, 2022, 3018]
20150812 17:07_[8754, 7596, 6513, 3467]
20150812 17:08_[2179, 2101, 6678, 3940]
20150812 17:09_[8462, 5724, 7449, 1979]
20150812 17:10_[8284, 5945, 9209, 6483]
20150812 17:11_[4534, 6015, 1420, 3587]
20150812 17:12_[1143, 9225, 7269, 7547]
20150812 17:13_[9246, 7320, 5045, 4190]
20150812 17:14_[5625, 6333, 6342, 6362]
20150812 17:15_[4473, 9056, 7154, 5831]
20150812 17:16_[6923, 1314, 3695, 8486]
20150812 17:17_[6652, 3694, 9986, 8729]
20150812 17:18_[1527, 9539, 5563, 6260]
20150812 17:19_[7583, 7292, 5740, 1950]
20150812 17:20_[7375, 2678, 9138, 9545]
20150812 17:21_[5640, 6196, 4229, 2824]
20150812 17:22_[5462, 6820, 4004, 1648]
20150812 17:23_[8123, 7621, 3228, 8784]
20150812 17:24_[2013, 1677, 1819, 9487]
20150812 17:25_[8693, 1136, 4633, 1064]
20150812 17:26_[7552, 8182, 3281, 9944]
20150812 17:27_[6230, 4161, 4053, 9879]
20150812 17:28_[1224, 9319, 9826, 6417]
20150812 17:29_[1493, 5047, 2528, 5321]
20150812 17:30_[1493, 3275, 3939, 5481]
20150812 17:31_[8554, 7467, 7433, 1060]
20150812 17:32_[6418, 3560, 4984, 1899]
20150812 17:33_[4384, 2179, 3427, 1248]
20150812 17:34_[9753, 8069, 6424, 1277]
20150812 17:35_[1480, 5694, 1272, 1339]
20150812 17:36_[7803, 4648, 7073, 7309]
20150812 17:37_[3499, 8562, 9797, 4596]
20150812 17:38_[1866, 6094, 2523, 8429]
20150812 17:39_[9840, 2528, 7087, 4181]
20150812 17:40_[8066, 6019, 9231, 6007]
20150812 17:41_[2685, 1520, 5297, 4640]
20150812 17:42_[9308, 3263, 5501, 2085]
20150812 17:43_[6824, 8045, 2196, 2334]
20150812 17:44_[1453, 4643, 2818, 8342]
20150812 17:45_[6980, 8560, 8220, 7677]
20150812 17:46_[7315, 9775, 6649, 9598]
20150812 17:47_[5018, 6036, 1020, 7383]
20150812 17:48_[4858, 6199, 3779, 8951]
20150812 17:49_[3174, 3456, 8289, 9935]
20150812 17:50_[5465, 9163, 4950, 8938]
20150812 17:51_[3150, 4681, 1160, 6923]
20150812 17:52_[9557, 4861, 7196, 4638]
20150812 17:53_[5786, 5550, 4041, 4464]
20150812 17:54_[4525, 9839, 3899, 3189]
20150812 17:55_[4224, 6546, 4895, 4776]
20150812 17:56_[1834, 8433, 7135, 4658]
20150812 17:57_[5184, 6626, 4127, 1633]
20150812 17:58_[2768, 9789, 1728, 8737]
20150812 17:59_[7065, 8090, 4729, 3957]
20150812 18:00_[7321, 6038, 5927, 4628]
20150812 18:01_[7811, 8494, 3538, 7203]
20150812 18:02_[7031, 3055, 9864, 9371]
20150812 18:03_[1070, 1765, 1510, 1660]
20150812 18:04_[9866, 2277, 5071, 1059]
20150812 18:05_[3210, 7390, 3261, 9593]
20150812 18:06_[9164, 2494, 8779, 8642]
20150812 18:07_[5352, 1927, 1321, 7727]
20150812 18:08_[6524, 8689, 9273, 4624]
20150812 18:09_[4411, 9272, 9074, 4186]
20150812 18:10_[8458, 1701, 1081, 8369]
20150812 18:11_[8513, 6286, 1392, 4021]
20150812 18:12_[6325, 4346, 1055, 9224]
20150812 18:13_[4023, 3191, 1619, 4746]
20150812 18:14_[7659, 2477, 9544, 3779]
20150812 18:15_[1266, 7397, 3438, 4970]
20150812 18:16_[1897, 1479, 1943, 7811]
20150812 18:17_[2611, 2862, 4999, 9547]
20150812 18:18_[8168, 3054, 6328, 9389]
20150812 18:19_[1886, 1857, 6218, 8700]
20150812 18:20_[4646, 3167, 3285, 5135]
20150812 18:21_[7978, 1715, 6041, 9388]
20150812 18:22_[7760, 8687, 3540, 5494]
20150812 18:23_[5620, 3744, 1945, 9784]
20150812 18:24_[9253, 6418, 5275, 2256]
20150812 18:25_[9826, 2953, 6487, 5990]
20150812 18:26_[5640, 6976, 8358, 4514]
20150812 18:27_[7960, 1011, 5430, 3423]
20150812 18:28_[9345, 7238, 6369, 8173]
20150812 18:29_[8576, 5637, 2848, 4655]
20150812 18:30_[2944, 4933, 1035, 9724]
20150812 18:31_[2637, 7047, 3355, 2965]
20150812 18:32_[1451, 7948, 2323, 9194]
20150812 18:33_[8494, 8172, 2551, 1047]
20150812 18:34_[6363, 5042, 3451, 9139]
20150812 18:35_[2479, 9671, 8351, 6950]
20150812 18:36_[4047, 3134, 8898, 4445]
20150812 18:37_[2513, 9310, 2894, 9646]
20150812 18:38_[9837, 7724, 8601, 2928]
20150812 18:39_[9150, 8653, 4765, 6061]
20150812 18:40_[3316, 6632, 6221, 2104]
20150812 18:41_[2479, 5247, 4032, 9131]
20150812 18:42_[4839, 4842, 2281, 1219]
20150812 18:43_[9144, 3416, 9051, 9856]
20150812 18:44_[4521, 2477, 8415, 4966]
20150812 18:45_[6405, 4517, 9476, 2120]
20150812 18:46_[4075, 5139, 1310, 6065]
20150812 18:47_[1107, 5029, 6147, 8737]
20150812 18:48_[4172, 9031, 1723, 8281]
20150812 18:49_[9438, 2352, 4770, 6871]
20150812 18:50_[8203, 6712, 1688, 2599]
20150812 18:51_[6718, 9659, 9569, 1028]
20150812 18:52_[8365, 8199, 9142, 8657]
20150812 18:53_[6275, 6206, 9447, 9241]
20150812 18:54_[1021, 1885, 6485, 9050]
20150812 18:55_[7778, 5907, 4417, 6298]
20150812 18:56_[6528, 3879, 5701, 5504]
20150812 18:57_[2886, 7781, 2664, 1414]
20150812 18:58_[7861, 2049, 2130, 6730]
20150812 18:59_[3885, 3515, 9416, 9025]
20150812 19:00_[1633, 6584, 3424, 3890]
20150812 19:01_[6488, 6754, 9905, 4100]
20150812 19:02_[5815, 9811, 7815, 5098]
20150812 19:03_[9980, 2091, 8945, 2123]
20150812 19:04_[7075, 7358, 2831, 7244]
20150812 19:05_[3211, 7619, 2570, 8364]
20150812 19:06_[7490, 6116, 7484, 3991]
20150812 19:07_[4653, 4890, 1417, 8232]
20150812 19:08_[2766, 5608, 4660, 2105]
20150812 19:09_[1425, 4142, 3435, 9127]
20150812 19:10_[8094, 4385, 4192, 6202]
20150812 19:11_[3505, 2305, 3033, 3205]
20150812 19:12_[5684, 8290, 5926, 2773]
20150812 19:13_[4969, 9004, 2218, 2471]
20150812 19:14_[2381, 4422, 9215, 5517]
20150812 19:15_[8322, 1304, 1991, 6128]
20150812 19:16_[3052, 8420, 5737, 6855]
20150812 19:17_[7913, 2809, 3573, 2134]
20150812 19:18_[4825, 5608, 1878, 9921]
20150812 19:19_[6489, 6028, 4559, 3239]
20150812 19:20_[4022, 1170, 2696, 6774]
20150812 19:21_[3415, 8535, 8821, 8373]
20150812 19:22_[5327, 2310, 5140, 4138]
20150812 19:23_[6653, 7307, 6628, 1904]
20150812 19:24_[3256, 3296, 9409, 9866]
20150812 19:25_[9926, 1102, 2538, 6848]
20150812 19:26_[9788, 4501, 9859, 4275]
20150812 19:27_[1647, 4266, 2440, 7153]
20150812 19:28_[3603, 2103, 7911, 8928]
20150812 19:29_[9612, 3702, 7272, 7167]
20150812 19:30_[3197, 4418, 3386, 2618]
20150812 19:31_[7986, 3192, 1292, 3994]
20150812 19:32_[5795, 8641, 4536, 4972]
20150812 19:33_[5964, 5325, 9697, 2950]
20150812 19:34_[9967, 9394, 9947, 4981]
20150812 19:35_[2979, 6286, 1979, 3236]
20150812 19:36_[5566, 2419, 4167, 6119]
20150812 19:37_[3630, 3476, 3165, 1276]
20150812 19:38_[8292, 3910, 3928, 6943]
20150812 19:39_[7097, 5726, 5764, 5584]
20150812 19:40_[4822, 6270, 5097, 6210]
20150812 19:41_[5155, 1598, 4403, 4258]
20150812 19:42_[8728, 2593, 9448, 6806]
20150812 19:43_[2522, 2496, 2848, 3228]
20150812 19:44_[7874, 3406, 2366, 1518]
20150812 19:45_[7042, 8624, 3272, 4915]
20150812 19:46_[1032, 6680, 4530, 7333]
20150812 19:47_[7183, 1284, 9314, 5543]
20150812 19:48_[6359, 2372, 4722, 7969]
20150812 19:49_[4297, 2924, 2448, 7673]
20150812 19:50_[4327, 1887, 1966, 2098]
20150812 19:51_[1720, 9470, 9961, 7388]
20150812 19:52_[4511, 8362, 1939, 4227]
20150812 19:53_[5806, 2282, 2474, 4338]
20150812 19:54_[3910, 7280, 9660, 3974]
20150812 19:55_[2260, 4575, 2617, 5514]
20150812 19:56_[3653, 4837, 1659, 7648]
20150812 19:57_[3313, 7894, 8105, 5500]
20150812 19:58_[6982, 2921, 1907, 1114]
20150812 19:59_[2630, 8146, 4820, 6924]
20150812 20:00_[9964, 9140, 7386, 1485]
20150812 20:01_[2552, 8609, 8413, 2916]
20150812 20:02_[7108, 5908, 5162, 1626]
20150812 20:03_[1967, 3465, 8464, 7271]
20150812 20:04_[5941, 3578, 1103, 6946]
20150812 20:05_[2985, 8128, 1691, 3507]
20150812 20:06_[3953, 5208, 1855, 2632]
20150812 20:07_[3111, 6569, 7773, 9459]
20150812 20:08_[3886, 8571, 6131, 5104]
20150812 20:09_[4622, 4942, 4063, 2342]
20150812 20:10_[4848, 5478, 5546, 6990]
20150812 20:11_[5698, 3666, 6770, 1845]
20150812 20:12_[3959, 2294, 2365, 6514]
20150812 20:13_[7201, 3405, 7900, 6222]
20150812 20:14_[1791, 7586, 3079, 7609]
20150812 20:15_[4622, 6726, 3404, 3135]
20150812 20:16_[7045, 2823, 7313, 4441]
20150812 20:17_[7522, 3807, 1586, 9748]
20150812 20:18_[2232, 9517, 7869, 6389]
20150812 20:19_[7115, 9554, 2210, 1696]
20150812 20:20_[4687, 8161, 6062, 7671]
20150812 20:21_[7619, 6461, 6640, 9731]
20150812 20:22_[6673, 9194, 4210, 7648]
20150812 20:23_[6419, 9604, 9598, 7441]
20150812 20:24_[5607, 9076, 5592, 8870]
20150812 20:25_[1636, 2509, 3780, 6269]
20150812 20:26_[5592, 3853, 9789, 9368]
20150812 20:27_[7418, 4262, 4236, 7188]
20150812 20:28_[3736, 1465, 4188, 9543]
20150812 20:29_[7673, 8700, 7307, 4756]
20150812 20:30_[6848, 7825, 8589, 6081]
20150812 20:31_[2863, 6323, 3929, 7238]
20150812 20:32_[5507, 3940, 4474, 4288]
20150812 20:33_[4288, 3243, 6366, 1654]
20150812 20:34_[4142, 5033, 1311, 2100]
20150812 20:35_[1019, 1117, 5152, 8059]
20150812 20:36_[4476, 4878, 1656, 7863]
20150812 20:37_[8166, 1717, 9838, 1770]
20150812 20:38_[9419, 9602, 5719, 4972]
20150812 20:39_[4244, 6543, 7652, 6464]
20150812 20:40_[4217, 1248, 2562, 7067]
20150812 20:41_[8787, 6459, 2708, 6429]
20150812 20:42_[4053, 2947, 1389, 8513]
20150812 20:43_[5206, 6181, 5954, 8569]
20150812 20:44_[5868, 3189, 6892, 3621]
20150812 20:45_[1952, 7230, 4941, 7536]
20150812 20:46_[3920, 6363, 1037, 6250]
20150812 20:47_[4694, 9080, 3324, 4674]
20150812 20:48_[5533, 8030, 4790, 5361]
20150812 20:49_[2119, 7228, 5816, 7926]
20150812 20:50_[5823, 6579, 2665, 9653]
20150812 20:51_[2587, 4079, 5368, 3836]
20150812 20:52_[5676, 1389, 9753, 5493]
20150812 20:53_[5579, 1729, 7869, 3072]
20150812 20:54_[6365, 2659, 5565, 6724]
20150812 20:55_[2611, 7777, 8430, 9913]
20150812 20:56_[7378, 1351, 1259, 1224]
20150812 20:57_[7747, 2258, 5561, 1506]
20150812 20:58_[6594, 5010, 5177, 5290]
20150812 20:59_[1489, 4097, 7057, 2466]
20150812 21:00_[3499, 4680, 4223, 6186]
20150812 21:01_[9615, 1281, 8847, 2735]
20150812 21:02_[9702, 1684, 2567, 5355]
20150812 21:03_[8873, 4909, 4481, 5307]
20150812 21:04_[5661, 1987, 4479, 5017]
20150812 21:05_[7856, 1876, 1972, 5563]
20150812 21:06_[6482, 9443, 2566, 4690]
20150812 21:07_[6156, 4961, 5420, 1227]
20150812 21:08_[7500, 6337, 4746, 3377]
20150812 21:09_[4461, 1367, 7194, 3189]
20150812 21:10_[5397, 2302, 8151, 9825]
20150812 21:11_[4849, 2723, 8435, 3717]
20150812 21:12_[2808, 2133, 4283, 5731]
20150812 21:13_[2170, 9656, 6055, 4785]
20150812 21:14_[7247, 6694, 4577, 9313]
20150812 21:15_[9071, 6735, 2052, 5108]
20150812 21:16_[7414, 9395, 6485, 2950]
20150812 21:17_[9558, 3700, 5092, 3227]
20150812 21:18_[2417, 1122, 1364, 5283]
20150812 21:19_[4571, 8983, 9603, 2921]
20150812 21:20_[6613, 7652, 1678, 4214]
20150812 21:21_[9296, 6977, 1610, 7071]
20150812 21:22_[3431, 9850, 2705, 4220]
20150812 21:23_[2657, 6116, 5482, 4132]
20150812 21:24_[3811, 5401, 8938, 3248]
20150812 21:25_[2314, 3387, 7821, 5387]
20150812 21:26_[1557, 7248, 5286, 3294]
20150812 21:27_[5704, 3205, 2635, 1549]
20150812 21:28_[5331, 2123, 3602, 2429]
20150812 21:29_[6790, 9608, 3577, 5363]
20150812 21:30_[8452, 7153, 9745, 5397]
20150812 21:31_[1678, 3275, 8540, 2334]
20150812 21:32_[3374, 4135, 8409, 1128]
20150812 21:33_[9657, 2212, 4980, 3129]
20150812 21:34_[6105, 5983, 5169, 9883]
20150812 21:35_[4885, 7379, 4797, 6185]
20150812 21:36_[2003, 8937, 2809, 6355]
20150812 21:37_[4568, 7108, 6871, 9036]
20150812 21:38_[4909, 2449, 9872, 9496]
20150812 21:39_[6337, 4547, 4060, 8821]
20150812 21:40_[2527, 8311, 7275, 6865]
20150812 21:41_[2499, 3017, 3506, 4538]
20150812 21:42_[9524, 7564, 3881, 3229]
20150812 21:43_[7226, 7282, 8534, 1534]
20150812 21:44_[6820, 3099, 9668, 8403]
20150812 21:45_[1605, 1531, 4530, 5392]
20150812 21:46_[2013, 2914, 3532, 2845]
20150812 21:47_[9422, 4069, 7007, 4994]
20150812 21:48_[7181, 6418, 7796, 1353]
20150812 21:49_[4683, 7884, 2546, 3632]
20150812 21:50_[6658, 1651, 8240, 2178]
20150812 21:51_[1665, 2686, 4401, 9823]
20150812 21:52_[4561, 5331, 7008, 6002]
20150812 21:53_[5241, 7414, 6862, 5684]
20150812 21:54_[6798, 3736, 8530, 1631]
20150812 21:55_[3319, 1914, 9767, 6020]
20150812 21:56_[2382, 3033, 3142, 9520]
20150812 21:57_[6975, 6048, 7289, 6884]
20150812 21:58_[9280, 4778, 2346, 2110]
20150812 21:59_[2703, 1670, 2307, 5443]
20150812 22:00_[4282, 2034, 2985, 9188]
20150812 22:01_[2831, 5643, 8359, 2592]
20150812 22:02_[4609, 6939, 1032, 2672]
20150812 22:03_[6261, 5598, 4965, 7204]
20150812 22:04_[4140, 2152, 7361, 6609]
20150812 22:05_[3216, 8823, 4569, 9964]
20150812 22:06_[1741, 3940, 2501, 1951]
20150812 22:07_[9926, 2719, 9221, 8467]
20150812 22:08_[9266, 8710, 8282, 7634]
20150812 22:09_[3538, 8834, 7858, 4381]
20150812 22:10_[6419, 6336, 5674, 7457]
20150812 22:11_[6350, 2063, 6540, 9763]
20150812 22:12_[8018, 8401, 7979, 3617]
20150812 22:13_[4814, 5375, 2584, 7336]
20150812 22:14_[6091, 1296, 8985, 5304]
20150812 22:15_[3909, 8255, 1901, 1684]
20150812 22:16_[7792, 7691, 7256, 1597]
20150812 22:17_[5643, 5724, 6867, 9912]
20150812 22:18_[2151, 4791, 5238, 4159]
20150812 22:19_[4814, 7930, 4257, 9949]
20150812 22:20_[7505, 2874, 8764, 6970]
20150812 22:21_[8575, 4013, 9122, 3711]
20150812 22:22_[8155, 8407, 2189, 9860]
20150812 22:23_[2903, 7295, 5034, 8578]
20150812 22:24_[9084, 9501, 6700, 5128]
20150812 22:25_[6890, 2584, 8203, 6384]
20150812 22:26_[3269, 2278, 7310, 6125]
20150812 22:27_[8597, 3562, 9383, 8852]
20150812 22:28_[4157, 2673, 2762, 9804]
20150812 22:29_[3901, 2152, 4629, 2303]
20150812 22:30_[2192, 8304, 8565, 4407]
20150812 22:31_[5698, 4802, 3192, 4643]
20150812 22:32_[7231, 2302, 7328, 4045]
20150812 22:33_[4538, 7411, 6487, 5568]
20150812 22:34_[6671, 1698, 4806, 7450]
20150812 22:35_[7628, 4915, 4413, 6107]
20150812 22:36_[1942, 2155, 7821, 6541]
20150812 22:37_[4990, 7559, 1708, 9412]
20150812 22:38_[3459, 8232, 3422, 4768]
20150812 22:39_[9088, 8475, 1987, 6772]
20150812 22:40_[7760, 5433, 7476, 7258]
20150812 22:41_[6870, 9055, 3366, 4126]
20150812 22:42_[3288, 6889, 8201, 5762]
20150812 22:43_[7247, 7147, 7584, 7360]
20150812 22:44_[3174, 2670, 7056, 7153]
20150812 22:45_[1537, 2188, 7935, 5313]
20150812 22:46_[3527, 4764, 2777, 3071]
20150812 22:47_[8282, 6290, 8379, 7406]
20150812 22:48_[3196, 7397, 1692, 4956]
20150812 22:49_[9636, 8196, 5618, 6291]
20150812 22:50_[2074, 9366, 8357, 3648]
20150812 22:51_[9445, 6297, 2849, 2380]
20150812 22:52_[4778, 4353, 4510, 8744]
20150812 22:53_[9305, 1877, 7019, 6772]
20150812 22:54_[4606, 3856, 4972, 5482]
20150812 22:55_[7200, 4103, 3056, 9740]
20150812 22:56_[2365, 2457, 9186, 2136]
20150812 22:57_[1605, 3593, 3799, 5712]
20150812 22:58_[4360, 3371, 5987, 2083]
20150812 22:59_[9281, 4376, 1933, 6922]
20150812 23:00_[8063, 3366, 5872, 1694]
20150812 23:01_[6064, 6520, 3242, 8293]
20150812 23:02_[6995, 3407, 9213, 2648]
20150812 23:03_[3824, 3156, 3615, 2037]
20150812 23:04_[7854, 2597, 9513, 9205]
20150812 23:05_[3626, 1693, 4089, 8096]
20150812 23:06_[8871, 8511, 4958, 6678]
20150812 23:07_[7022, 5668, 5106, 2905]
20150812 23:08_[4851, 5427, 9118, 5566]
20150812 23:09_[3555, 7029, 3336, 8470]
20150812 23:10_[6279, 8154, 4170, 2845]
20150812 23:11_[1725, 2120, 1169, 6980]
20150812 23:12_[7696, 7847, 4766, 8133]
20150812 23:13_[9124, 7077, 2622, 2584]
20150812 23:14_[2036, 2417, 8463, 7805]
20150812 23:15_[9321, 4534, 8338, 7543]
20150812 23:16_[8973, 3272, 8143, 9938]
20150812 23:17_[6632, 4902, 2748, 3033]
20150812 23:18_[3178, 1697, 9718, 5983]
20150812 23:19_[2101, 4756, 9286, 6515]
20150812 23:20_[5334, 6425, 2747, 7846]
20150812 23:21_[3316, 7295, 8109, 7094]
20150812 23:22_[2815, 8196, 1752, 6734]
20150812 23:23_[8553, 2733, 5316, 2654]
20150812 23:24_[3149, 9251, 7581, 7832]
20150812 23:25_[5319, 1229, 9999, 1738]
20150812 23:26_[1335, 8507, 1508, 5891]
20150812 23:27_[1230, 4839, 6013, 7579]
20150812 23:28_[3167, 1921, 7204, 1222]
20150812 23:29_[1127, 2964, 8256, 4040]
20150812 23:30_[3597, 3422, 6404, 3345]
20150812 23:31_[6031, 9382, 1816, 9674]
20150812 23:32_[5437, 7128, 5105, 4345]
20150812 23:33_[8748, 7074, 6572, 7085]
20150812 23:34_[6170, 6431, 1367, 8077]
20150812 23:35_[1071, 7469, 3111, 5013]
20150812 23:36_[1283, 6015, 7966, 6852]
20150812 23:37_[8132, 7926, 3403, 4258]
20150812 23:38_[7839, 6128, 5802, 6436]
20150812 23:39_[8826, 4575, 8036, 6522]
20150812 23:40_[8653, 6503, 6667, 7111]
20150812 23:41_[7079, 2878, 7325, 4591]
20150812 23:42_[1587, 1583, 6650, 2650]
20150812 23:43_[8107, 5414, 8083, 5538]
20150812 23:44_[6249, 8781, 4023, 8570]
20150812 23:45_[2327, 8332, 8056, 6223]
20150812 23:46_[7725, 4009, 9557, 3324]
20150812 23:47_[5116, 6334, 6228, 5635]
20150812 23:48_[3327, 9382, 3139, 8785]
20150812 23:49_[1378, 7763, 9777, 3283]
20150812 23:50_[6076, 6635, 8817, 2262]
20150812 23:51_[3953, 8207, 9507, 3258]
20150812 23:52_[3094, 2886, 6897, 7998]
20150812 23:53_[4104, 6944, 5793, 8181]
20150812 23:54_[3164, 7694, 7624, 7707]
20150812 23:55_[4927, 4696, 7717, 1220]
20150812 23:56_[5672, 8707, 2598, 7161]
20150812 23:57_[7031, 1352, 8470, 3404]
20150812 23:58_[8878, 1814, 2534, 2224]
20150812 23:59_[4457, 5209, 4063, 6611]
