20150811 00:00_[1788, 4835, 4688, 7926]
20150811 00:01_[3739, 6256, 3371, 2878]
20150811 00:02_[4045, 2728, 7282, 8053]
20150811 00:03_[7064, 5704, 5295, 3183]
20150811 00:04_[9493, 3503, 9902, 2073]
20150811 00:05_[4826, 5790, 3505, 6620]
20150811 00:06_[3724, 3762, 2276, 7452]
20150811 00:07_[1093, 8227, 5361, 1318]
20150811 00:08_[5489, 4521, 6321, 2442]
20150811 00:09_[2612, 7292, 7198, 2931]
20150811 00:10_[3516, 9010, 9830, 5183]
20150811 00:11_[3990, 6372, 8259, 7460]
20150811 00:12_[1770, 8796, 6044, 8307]
20150811 00:13_[8324, 4956, 5035, 7353]
20150811 00:14_[5332, 7363, 3917, 6114]
20150811 00:15_[3818, 7738, 3944, 6143]
20150811 00:16_[6776, 6100, 9127, 6122]
20150811 00:17_[3284, 7870, 4585, 3984]
20150811 00:18_[9778, 8268, 1641, 3709]
20150811 00:19_[5164, 5728, 5175, 8867]
20150811 00:20_[9667, 6151, 3310, 6664]
20150811 00:21_[4519, 5693, 8241, 1312]
20150811 00:22_[1701, 2975, 1797, 3153]
20150811 00:23_[3021, 7448, 2601, 6822]
20150811 00:24_[7150, 6213, 3073, 7204]
20150811 00:25_[1925, 8482, 3451, 2249]
20150811 00:26_[9222, 4505, 2448, 2507]
20150811 00:27_[1479, 8160, 7298, 6686]
20150811 00:28_[6418, 6185, 2116, 7102]
20150811 00:29_[4896, 8770, 5190, 8533]
20150811 00:30_[9936, 7857, 3052, 2234]
20150811 00:31_[7569, 4816, 3100, 5423]
20150811 00:32_[8107, 3458, 4390, 6552]
20150811 00:33_[6827, 5228, 7825, 4008]
20150811 00:34_[5182, 4663, 5580, 4710]
20150811 00:35_[9395, 9612, 7751, 8526]
20150811 00:36_[9971, 1431, 8663, 5315]
20150811 00:37_[3806, 5610, 3827, 6453]
20150811 00:38_[9410, 3335, 4262, 4296]
20150811 00:39_[4824, 2492, 6370, 1731]
20150811 00:40_[8626, 8774, 4895, 9066]
20150811 00:41_[9108, 5799, 1826, 4987]
20150811 00:42_[2355, 3461, 7371, 8474]
20150811 00:43_[6606, 6226, 6781, 6142]
20150811 00:44_[4510, 3990, 2391, 3571]
20150811 00:45_[3637, 3995, 7151, 1690]
20150811 00:46_[9729, 5062, 8747, 7151]
20150811 00:47_[8446, 8508, 3090, 8509]
20150811 00:48_[9558, 5298, 7692, 5008]
20150811 00:49_[8574, 2746, 3552, 2761]
20150811 00:50_[2449, 4695, 7260, 8334]
20150811 00:51_[5464, 4678, 1017, 4545]
20150811 00:52_[3166, 1588, 8672, 3611]
20150811 00:53_[2803, 4326, 9363, 1196]
20150811 00:54_[7723, 6365, 7810, 4952]
20150811 00:55_[2703, 4794, 6637, 8811]
20150811 00:56_[2560, 1876, 3831, 8232]
20150811 00:57_[3002, 7055, 4476, 6079]
20150811 00:58_[9997, 1575, 3930, 8670]
20150811 00:59_[2498, 2587, 2587, 1004]
20150811 01:00_[2686, 4890, 2401, 7779]
20150811 01:01_[5412, 1259, 2546, 8972]
20150811 01:02_[6903, 6370, 2585, 4788]
20150811 01:03_[9156, 7785, 5712, 1083]
20150811 01:04_[6560, 6787, 4403, 5233]
20150811 01:05_[3544, 9270, 7342, 7205]
20150811 01:06_[1552, 3660, 7934, 7215]
20150811 01:07_[6525, 4718, 2212, 7826]
20150811 01:08_[1026, 9960, 3491, 9904]
20150811 01:09_[9526, 1310, 9242, 1504]
20150811 01:10_[4066, 1746, 4188, 3742]
20150811 01:11_[8133, 3759, 2515, 6160]
20150811 01:12_[2690, 7391, 7274, 7666]
20150811 01:13_[4423, 3604, 3903, 9259]
20150811 01:14_[3838, 8333, 3137, 7331]
20150811 01:15_[3780, 6561, 5422, 6932]
20150811 01:16_[5917, 9919, 2017, 7919]
20150811 01:17_[8447, 6667, 9523, 1958]
20150811 01:18_[5102, 6171, 7633, 9275]
20150811 01:19_[5885, 1301, 7364, 7749]
20150811 01:20_[3105, 9224, 6416, 7297]
20150811 01:21_[6443, 5861, 2649, 8317]
20150811 01:22_[4418, 8919, 3308, 8627]
20150811 01:23_[5091, 7823, 7049, 4962]
20150811 01:24_[3970, 6542, 2872, 7334]
20150811 01:25_[3503, 5593, 5310, 1962]
20150811 01:26_[3759, 1937, 3728, 6403]
20150811 01:27_[7329, 6439, 9054, 8244]
20150811 01:28_[6547, 4260, 4530, 6365]
20150811 01:29_[8173, 1000, 2933, 6598]
20150811 01:30_[9774, 5000, 4096, 7818]
20150811 01:31_[9803, 5002, 6972, 9744]
20150811 01:32_[6594, 4617, 5178, 6246]
20150811 01:33_[9658, 6840, 4839, 4954]
20150811 01:34_[3692, 2863, 8340, 5900]
20150811 01:35_[8836, 5616, 8660, 7327]
20150811 01:36_[8015, 8852, 8084, 8389]
20150811 01:37_[7161, 8645, 2822, 9321]
20150811 01:38_[9227, 9753, 7122, 5900]
20150811 01:39_[5106, 9071, 5957, 5999]
20150811 01:40_[3965, 9829, 2266, 6411]
20150811 01:41_[1663, 5403, 7731, 4612]
20150811 01:42_[3695, 4841, 8200, 8243]
20150811 01:43_[8346, 1569, 1240, 8875]
20150811 01:44_[2039, 1582, 5575, 7857]
20150811 01:45_[7086, 8661, 6959, 4409]
20150811 01:46_[8425, 8824, 3846, 2958]
20150811 01:47_[8576, 5017, 9236, 3305]
20150811 01:48_[6278, 4116, 9305, 1222]
20150811 01:49_[9145, 3194, 5280, 7967]
20150811 01:50_[9432, 3273, 3955, 7861]
20150811 01:51_[3811, 4297, 8190, 2571]
20150811 01:52_[8373, 2403, 1001, 3414]
20150811 01:53_[1325, 6518, 9508, 4302]
20150811 01:54_[2253, 4001, 2743, 3242]
20150811 01:55_[9729, 7316, 8482, 2604]
20150811 01:56_[8560, 8949, 9890, 5624]
20150811 01:57_[4181, 3530, 5411, 8786]
20150811 01:58_[5054, 1303, 1845, 4692]
20150811 01:59_[2066, 6990, 7858, 6990]
20150811 02:00_[5437, 1657, 5808, 1112]
20150811 02:01_[6344, 3489, 1167, 3847]
20150811 02:02_[1952, 8935, 4987, 2207]
20150811 02:03_[3496, 1174, 5742, 7073]
20150811 02:04_[1673, 8479, 8453, 7944]
20150811 02:05_[1123, 4455, 3829, 4899]
20150811 02:06_[8983, 2155, 3159, 8782]
20150811 02:07_[2560, 6309, 5370, 8669]
20150811 02:08_[4357, 7299, 6991, 7005]
20150811 02:09_[5249, 4349, 1471, 7185]
20150811 02:10_[3618, 2363, 5230, 8415]
20150811 02:11_[7520, 4847, 9767, 6264]
20150811 02:12_[8771, 5337, 9940, 3338]
20150811 02:13_[3525, 4697, 2933, 3694]
20150811 02:14_[1331, 4362, 1854, 9512]
20150811 02:15_[5039, 2608, 5444, 8791]
20150811 02:16_[7813, 3241, 8685, 1015]
20150811 02:17_[7931, 4021, 1692, 1275]
20150811 02:18_[9703, 5967, 8912, 7107]
20150811 02:19_[6372, 3114, 1893, 5639]
20150811 02:20_[4652, 3639, 8658, 3457]
20150811 02:21_[1890, 8556, 7914, 5947]
20150811 02:22_[3872, 4270, 7500, 1095]
20150811 02:23_[5825, 2381, 9116, 6934]
20150811 02:24_[4121, 2864, 3326, 4186]
20150811 02:25_[3433, 8722, 1729, 9517]
20150811 02:26_[3673, 4376, 3601, 5378]
20150811 02:27_[6287, 5312, 9070, 5287]
20150811 02:28_[9201, 2887, 3614, 9791]
20150811 02:29_[4926, 8576, 5493, 3843]
20150811 02:30_[9936, 1841, 8809, 1623]
20150811 02:31_[6456, 9231, 7974, 6582]
20150811 02:32_[1317, 3439, 3025, 7369]
20150811 02:33_[1603, 2252, 8122, 4507]
20150811 02:34_[9951, 2937, 2862, 3486]
20150811 02:35_[9427, 5321, 1476, 8190]
20150811 02:36_[6663, 7847, 7364, 2983]
20150811 02:37_[4404, 2864, 8057, 1947]
20150811 02:38_[9374, 2409, 1821, 3591]
20150811 02:39_[5737, 3636, 2615, 6830]
20150811 02:40_[1725, 2295, 7791, 8490]
20150811 02:41_[2610, 7027, 5799, 3818]
20150811 02:42_[3726, 7590, 6800, 1560]
20150811 02:43_[9330, 9149, 5262, 5875]
20150811 02:44_[7543, 3198, 6664, 4811]
20150811 02:45_[2763, 8824, 8870, 5463]
20150811 02:46_[6020, 7802, 2049, 6831]
20150811 02:47_[3356, 5747, 3043, 2905]
20150811 02:48_[6219, 4657, 2466, 8187]
20150811 02:49_[6647, 1781, 7125, 9268]
20150811 02:50_[3775, 4901, 9791, 4075]
20150811 02:51_[8059, 9826, 3163, 7679]
20150811 02:52_[5018, 2394, 7752, 3441]
20150811 02:53_[3949, 3481, 3995, 6371]
20150811 02:54_[7408, 7917, 9629, 5687]
20150811 02:55_[7047, 5776, 1714, 9263]
20150811 02:56_[7025, 1193, 1575, 5032]
20150811 02:57_[8692, 9013, 7364, 8304]
20150811 02:58_[5772, 3576, 7390, 5669]
20150811 02:59_[3668, 3740, 4281, 7218]
20150811 03:00_[6718, 3731, 1017, 1660]
20150811 03:01_[3999, 2695, 9951, 3137]
20150811 03:02_[2499, 5069, 9305, 9206]
20150811 03:03_[7503, 4513, 7181, 5475]
20150811 03:04_[6490, 5595, 3956, 6517]
20150811 03:05_[6503, 7470, 8370, 8310]
20150811 03:06_[8598, 2692, 6938, 2231]
20150811 03:07_[9597, 4276, 9003, 2324]
20150811 03:08_[5377, 2477, 2909, 8519]
20150811 03:09_[2450, 6585, 8582, 7875]
20150811 03:10_[1390, 7734, 2912, 1934]
20150811 03:11_[9040, 3297, 2676, 8928]
20150811 03:12_[2062, 3354, 4478, 8203]
20150811 03:13_[5037, 1157, 7173, 3816]
20150811 03:14_[6426, 5635, 3673, 7259]
20150811 03:15_[6914, 6065, 2109, 6930]
20150811 03:16_[5916, 8182, 3877, 3156]
20150811 03:17_[5408, 7607, 2227, 3387]
20150811 03:18_[8198, 4141, 4494, 2176]
20150811 03:19_[8969, 8814, 2482, 6672]
20150811 03:20_[9028, 2895, 8673, 3503]
20150811 03:21_[2661, 3022, 1848, 7464]
20150811 03:22_[6785, 5551, 3131, 7587]
20150811 03:23_[5723, 8705, 6853, 8912]
20150811 03:24_[4510, 6146, 2852, 7309]
20150811 03:25_[7487, 3070, 4891, 2326]
20150811 03:26_[5558, 5430, 1365, 3315]
20150811 03:27_[9234, 4852, 4319, 8677]
20150811 03:28_[7215, 8005, 7585, 5809]
20150811 03:29_[3480, 2105, 7437, 8082]
20150811 03:30_[8292, 9742, 6313, 5076]
20150811 03:31_[5173, 8761, 5388, 8642]
20150811 03:32_[4190, 4550, 6274, 1107]
20150811 03:33_[5665, 5200, 1549, 5749]
20150811 03:34_[8436, 8749, 8715, 1926]
20150811 03:35_[2598, 7219, 3334, 4253]
20150811 03:36_[9149, 8034, 6746, 6263]
20150811 03:37_[8528, 1498, 4272, 6233]
20150811 03:38_[3206, 5103, 6006, 4549]
20150811 03:39_[9725, 3279, 5192, 9452]
20150811 03:40_[5186, 4452, 4391, 8004]
20150811 03:41_[6105, 1629, 5688, 9915]
20150811 03:42_[2288, 2507, 9568, 4087]
20150811 03:43_[7225, 9527, 8260, 6346]
20150811 03:44_[5760, 9494, 3739, 3638]
20150811 03:45_[5286, 3990, 6914, 4321]
20150811 03:46_[5427, 6869, 9388, 8597]
20150811 03:47_[3314, 3594, 4815, 8015]
20150811 03:48_[5644, 1379, 7346, 2618]
20150811 03:49_[5867, 3460, 7733, 3365]
20150811 03:50_[1747, 7260, 2730, 9040]
20150811 03:51_[2566, 7672, 1673, 5736]
20150811 03:52_[9426, 4029, 2360, 6953]
20150811 03:53_[5542, 8654, 1725, 1739]
20150811 03:54_[7729, 8959, 1580, 2027]
20150811 03:55_[4383, 3181, 1770, 2627]
20150811 03:56_[3380, 9460, 8914, 1731]
20150811 03:57_[6855, 7172, 7512, 4859]
20150811 03:58_[4821, 2008, 3177, 9642]
20150811 03:59_[7329, 8481, 5938, 1250]
20150811 04:00_[2597, 4950, 2979, 6404]
20150811 04:01_[5653, 2492, 4428, 7071]
20150811 04:02_[8999, 8656, 6160, 4826]
20150811 04:03_[8644, 1927, 7775, 4467]
20150811 04:04_[8620, 5143, 8480, 9339]
20150811 04:05_[2048, 8021, 8411, 7240]
20150811 04:06_[8584, 5580, 6491, 8414]
20150811 04:07_[3505, 7609, 5915, 4264]
20150811 04:08_[3444, 7008, 2030, 4994]
20150811 04:09_[2387, 1238, 3236, 7320]
20150811 04:10_[1853, 5969, 6781, 3399]
20150811 04:11_[8655, 5411, 6921, 7679]
20150811 04:12_[7437, 8490, 1270, 7260]
20150811 04:13_[3133, 9985, 1745, 9014]
20150811 04:14_[5592, 1196, 8388, 1283]
20150811 04:15_[7805, 8968, 2158, 8683]
20150811 04:16_[5674, 9574, 5263, 5783]
20150811 04:17_[5083, 4446, 7603, 1679]
20150811 04:18_[4071, 2176, 8830, 9049]
20150811 04:19_[4073, 5846, 9296, 7432]
20150811 04:20_[8447, 5002, 9490, 7700]
20150811 04:21_[5575, 1297, 2410, 7615]
20150811 04:22_[8733, 2972, 8583, 3087]
20150811 04:23_[5350, 7669, 6009, 3411]
20150811 04:24_[2030, 9430, 3862, 3025]
20150811 04:25_[2988, 8055, 7298, 9061]
20150811 04:26_[3632, 6637, 1662, 9127]
20150811 04:27_[5228, 9495, 3882, 5831]
20150811 04:28_[5882, 8862, 7013, 7185]
20150811 04:29_[7809, 2560, 7568, 3031]
20150811 04:30_[3485, 1155, 4137, 2897]
20150811 04:31_[2380, 7273, 4801, 1092]
20150811 04:32_[3909, 2476, 3116, 1969]
20150811 04:33_[6634, 6639, 4027, 9011]
20150811 04:34_[9437, 6201, 6188, 9753]
20150811 04:35_[1944, 6178, 8507, 9290]
20150811 04:36_[7711, 8664, 4983, 8116]
20150811 04:37_[6587, 1556, 5896, 8405]
20150811 04:38_[7525, 1772, 1017, 4346]
20150811 04:39_[6998, 8032, 6529, 4153]
20150811 04:40_[1720, 5724, 9728, 5005]
20150811 04:41_[3836, 4208, 3118, 1712]
20150811 04:42_[8324, 7231, 9633, 3507]
20150811 04:43_[8582, 3221, 5423, 8836]
20150811 04:44_[1926, 9965, 3007, 5789]
20150811 04:45_[9028, 8649, 3567, 3491]
20150811 04:46_[8769, 1490, 7580, 8157]
20150811 04:47_[1918, 3597, 8407, 7742]
20150811 04:48_[9720, 6088, 9979, 2561]
20150811 04:49_[9046, 1313, 3520, 3396]
20150811 04:50_[3271, 7504, 7058, 7103]
20150811 04:51_[6105, 3353, 5412, 9594]
20150811 04:52_[1946, 5749, 9309, 3114]
20150811 04:53_[3642, 3496, 3580, 2198]
20150811 04:54_[5581, 8421, 7084, 5394]
20150811 04:55_[3777, 2911, 1995, 7924]
20150811 04:56_[3375, 3643, 7736, 7215]
20150811 04:57_[9238, 4592, 7600, 8852]
20150811 04:58_[4000, 9177, 5961, 7779]
20150811 04:59_[2044, 6155, 5289, 8907]
20150811 05:00_[9463, 7236, 1655, 9398]
20150811 05:01_[6803, 1788, 2016, 5032]
20150811 05:02_[9474, 9148, 9223, 9800]
20150811 05:03_[1058, 1155, 3601, 1221]
20150811 05:04_[7239, 4025, 8584, 9185]
20150811 05:05_[6790, 6250, 2446, 7400]
20150811 05:06_[5819, 3950, 9394, 1931]
20150811 05:07_[1267, 9150, 5770, 2803]
20150811 05:08_[1435, 2281, 4372, 3669]
20150811 05:09_[3687, 9870, 3663, 4355]
20150811 05:10_[2877, 9887, 4940, 3298]
20150811 05:11_[8362, 3275, 9133, 7555]
20150811 05:12_[8230, 2265, 6270, 4605]
20150811 05:13_[3220, 8684, 6762, 2710]
20150811 05:14_[6755, 5065, 8718, 5750]
20150811 05:15_[7133, 8769, 1380, 9508]
20150811 05:16_[3157, 8495, 1869, 9370]
20150811 05:17_[6627, 6823, 7853, 5724]
20150811 05:18_[1703, 8499, 7432, 4625]
20150811 05:19_[9308, 2636, 2258, 1426]
20150811 05:20_[1774, 5830, 4698, 9923]
20150811 05:21_[1523, 2685, 1071, 4790]
20150811 05:22_[4666, 5388, 1924, 9436]
20150811 05:23_[5818, 3319, 4740, 8342]
20150811 05:24_[1717, 8211, 8745, 9169]
20150811 05:25_[7206, 5487, 7606, 6419]
20150811 05:26_[2109, 7980, 2318, 7070]
20150811 05:27_[9411, 7927, 4012, 4637]
20150811 05:28_[6703, 9872, 8972, 6874]
20150811 05:29_[1948, 3389, 5318, 3141]
20150811 05:30_[3577, 8748, 6407, 5085]
20150811 05:31_[6792, 7247, 1364, 1220]
20150811 05:32_[4934, 8935, 9546, 2381]
20150811 05:33_[7656, 6944, 1475, 9916]
20150811 05:34_[1222, 8734, 2845, 2429]
20150811 05:35_[9469, 8728, 1057, 9174]
20150811 05:36_[5782, 5178, 2404, 1592]
20150811 05:37_[2850, 4737, 7226, 5232]
20150811 05:38_[7751, 1126, 8354, 2640]
20150811 05:39_[4259, 7845, 2940, 3855]
20150811 05:40_[4659, 8760, 7463, 8125]
20150811 05:41_[8790, 4537, 6327, 4196]
20150811 05:42_[2752, 7895, 7364, 5504]
20150811 05:43_[2050, 4413, 6914, 8225]
20150811 05:44_[6698, 6827, 9194, 8897]
20150811 05:45_[1030, 5088, 8219, 3684]
20150811 05:46_[5272, 1804, 9604, 5554]
20150811 05:47_[1792, 6080, 8574, 8214]
20150811 05:48_[2467, 2404, 5398, 4870]
20150811 05:49_[4268, 6398, 8091, 7852]
20150811 05:50_[7990, 5319, 6022, 5700]
20150811 05:51_[8666, 8435, 3589, 7674]
20150811 05:52_[1335, 3562, 5004, 3242]
20150811 05:53_[7359, 2182, 4412, 1920]
20150811 05:54_[5695, 9092, 4569, 8154]
20150811 05:55_[8161, 4660, 4541, 1756]
20150811 05:56_[9662, 4086, 6886, 5608]
20150811 05:57_[4634, 6429, 7230, 3105]
20150811 05:58_[7035, 1427, 7920, 7393]
20150811 05:59_[5404, 6462, 5564, 8481]
20150811 06:00_[5630, 3186, 1384, 5620]
20150811 06:01_[7262, 5674, 6726, 8981]
20150811 06:02_[4816, 3015, 2931, 4250]
20150811 06:03_[8901, 6818, 6991, 3338]
20150811 06:04_[7117, 6809, 6450, 2669]
20150811 06:05_[5495, 7299, 9068, 5821]
20150811 06:06_[6200, 3486, 3468, 5873]
20150811 06:07_[8890, 4528, 1895, 4654]
20150811 06:08_[7430, 7205, 7390, 7271]
20150811 06:09_[2901, 4577, 1687, 3786]
20150811 06:10_[8759, 5713, 9979, 6705]
20150811 06:11_[4291, 8224, 8022, 2965]
20150811 06:12_[8882, 9165, 7175, 7199]
20150811 06:13_[1117, 6681, 5807, 7635]
20150811 06:14_[3002, 9268, 1408, 4070]
20150811 06:15_[1986, 9275, 7272, 7907]
20150811 06:16_[1705, 4949, 9406, 3993]
20150811 06:17_[1795, 2573, 1199, 7499]
20150811 06:18_[9460, 1292, 2191, 8115]
20150811 06:19_[1879, 8751, 6785, 9175]
20150811 06:20_[5702, 9871, 2453, 4895]
20150811 06:21_[9259, 2473, 7088, 6802]
20150811 06:22_[9364, 9247, 1476, 7752]
20150811 06:23_[5097, 5143, 5876, 5431]
20150811 06:24_[8364, 4387, 7108, 3775]
20150811 06:25_[2783, 5997, 2738, 3460]
20150811 06:26_[8136, 2664, 4369, 4962]
20150811 06:27_[7512, 4225, 2673, 9988]
20150811 06:28_[7046, 7068, 8335, 4130]
20150811 06:29_[2623, 2065, 8131, 2354]
20150811 06:30_[6846, 6938, 1041, 7624]
20150811 06:31_[6770, 2870, 9672, 4122]
20150811 06:32_[4040, 2167, 4632, 5480]
20150811 06:33_[3174, 7844, 9791, 2714]
20150811 06:34_[8864, 5808, 8819, 7036]
20150811 06:35_[8953, 5215, 7263, 8042]
20150811 06:36_[5211, 4271, 1138, 4675]
20150811 06:37_[7013, 9674, 8750, 2467]
20150811 06:38_[2692, 7491, 9746, 8849]
20150811 06:39_[9431, 5866, 1395, 8404]
20150811 06:40_[3998, 1338, 4937, 8819]
20150811 06:41_[8007, 8576, 6495, 9743]
20150811 06:42_[4614, 8831, 2036, 6809]
20150811 06:43_[5258, 2228, 4436, 6300]
20150811 06:44_[7619, 9834, 9512, 1061]
20150811 06:45_[2373, 4320, 8574, 9351]
20150811 06:46_[9105, 2232, 3780, 5563]
20150811 06:47_[9754, 7417, 8686, 8512]
20150811 06:48_[3145, 9542, 5168, 4640]
20150811 06:49_[3334, 5031, 6449, 3479]
20150811 06:50_[2695, 1935, 4242, 8145]
20150811 06:51_[7556, 1776, 2807, 3581]
20150811 06:52_[5255, 4108, 1023, 7118]
20150811 06:53_[1446, 7812, 9268, 3710]
20150811 06:54_[5542, 2146, 6806, 5450]
20150811 06:55_[4933, 1631, 3534, 9450]
20150811 06:56_[7311, 3361, 4679, 5984]
20150811 06:57_[9808, 9620, 5138, 6686]
20150811 06:58_[3773, 6461, 9308, 1280]
20150811 06:59_[9421, 1442, 5624, 9951]
20150811 07:00_[9286, 2318, 1806, 8781]
20150811 07:01_[5755, 6059, 4231, 8394]
20150811 07:02_[8805, 4140, 9049, 7541]
20150811 07:03_[9752, 4489, 9574, 7071]
20150811 07:04_[7549, 9961, 7280, 6534]
20150811 07:05_[4821, 9975, 3383, 3711]
20150811 07:06_[1118, 1021, 4911, 4083]
20150811 07:07_[2003, 8085, 3458, 2390]
20150811 07:08_[5688, 5218, 1518, 9236]
20150811 07:09_[5475, 4907, 3030, 1494]
20150811 07:10_[8419, 8152, 8950, 9691]
20150811 07:11_[4640, 9651, 6641, 3154]
20150811 07:12_[9850, 6427, 4137, 7175]
20150811 07:13_[8032, 3775, 4013, 5238]
20150811 07:14_[2627, 1797, 5135, 9556]
20150811 07:15_[4141, 9812, 7728, 1614]
20150811 07:16_[8085, 4261, 3226, 7191]
20150811 07:17_[8868, 5952, 2760, 2362]
20150811 07:18_[1369, 6774, 4607, 1337]
20150811 07:19_[8868, 3280, 9413, 1410]
20150811 07:20_[1910, 4278, 3495, 4187]
20150811 07:21_[9920, 5300, 2115, 3537]
20150811 07:22_[3601, 5251, 2403, 7594]
20150811 07:23_[9974, 9582, 5482, 3989]
20150811 07:24_[8598, 3993, 6354, 3121]
20150811 07:25_[2180, 7241, 2993, 9756]
20150811 07:26_[6846, 3668, 1635, 7101]
20150811 07:27_[8973, 2486, 4563, 1507]
20150811 07:28_[1094, 8711, 3861, 6807]
20150811 07:29_[8402, 3570, 5864, 7847]
20150811 07:30_[3372, 2682, 9727, 6938]
20150811 07:31_[6460, 7958, 7922, 6491]
20150811 07:32_[1788, 1021, 7263, 6181]
20150811 07:33_[5088, 5881, 1883, 9115]
20150811 07:34_[2118, 5499, 9954, 3805]
20150811 07:35_[6579, 1121, 4376, 9081]
20150811 07:36_[8943, 3244, 8360, 7445]
20150811 07:37_[4201, 4418, 5517, 9352]
20150811 07:38_[2016, 5989, 3488, 4011]
20150811 07:39_[6973, 1572, 5214, 5564]
20150811 07:40_[5017, 9189, 9802, 5179]
20150811 07:41_[7251, 9345, 5002, 7821]
20150811 07:42_[8452, 4085, 7639, 1428]
20150811 07:43_[2204, 9744, 4473, 9837]
20150811 07:44_[9922, 7674, 1429, 9255]
20150811 07:45_[1134, 8660, 6671, 9164]
20150811 07:46_[5129, 7333, 6070, 6524]
20150811 07:47_[6532, 2168, 2301, 4907]
20150811 07:48_[1425, 6660, 5617, 8404]
20150811 07:49_[6337, 6650, 4892, 9514]
20150811 07:50_[7221, 1659, 2549, 4081]
20150811 07:51_[7713, 3099, 8782, 9748]
20150811 07:52_[9392, 3625, 5917, 8618]
20150811 07:53_[9028, 1466, 8362, 2034]
20150811 07:54_[8824, 8260, 5462, 2024]
20150811 07:55_[1950, 2670, 3994, 3160]
20150811 07:56_[1643, 8563, 6108, 8657]
20150811 07:57_[9036, 5721, 4186, 1595]
20150811 07:58_[5036, 3708, 9385, 5658]
20150811 07:59_[2442, 9475, 7372, 2255]
20150811 08:00_[5606, 6260, 4374, 4065]
20150811 08:01_[6389, 2828, 6399, 5441]
20150811 08:02_[4216, 7791, 8277, 5662]
20150811 08:03_[1723, 1417, 6657, 6858]
20150811 08:04_[1948, 6271, 1582, 1164]
20150811 08:05_[4847, 8309, 8446, 6805]
20150811 08:06_[7183, 1741, 1625, 2165]
20150811 08:07_[7776, 1894, 4800, 2321]
20150811 08:08_[1741, 8716, 8076, 6699]
20150811 08:09_[1845, 6066, 7526, 4111]
20150811 08:10_[1134, 7913, 1886, 9421]
20150811 08:11_[7035, 4524, 1126, 3292]
20150811 08:12_[6892, 6986, 3840, 8604]
20150811 08:13_[7141, 7416, 9524, 8506]
20150811 08:14_[8308, 1756, 7751, 8501]
20150811 08:15_[8795, 9391, 9627, 7628]
20150811 08:16_[1099, 7384, 6526, 5220]
20150811 08:17_[4304, 1766, 3102, 4376]
20150811 08:18_[8827, 7428, 7143, 8102]
20150811 08:19_[7581, 1966, 1451, 3265]
20150811 08:20_[5528, 2295, 1913, 3724]
20150811 08:21_[2532, 4632, 5130, 1707]
20150811 08:22_[3783, 5287, 6435, 6335]
20150811 08:23_[8327, 4650, 6931, 6835]
20150811 08:24_[2778, 5432, 8129, 6086]
20150811 08:25_[7758, 4247, 4111, 9676]
20150811 08:26_[7290, 8990, 8575, 8682]
20150811 08:27_[1971, 3037, 4872, 4692]
20150811 08:28_[4712, 3024, 9528, 8818]
20150811 08:29_[9639, 7550, 1266, 6265]
20150811 08:30_[2038, 5370, 6110, 4142]
20150811 08:31_[6172, 5644, 9373, 7158]
20150811 08:32_[7188, 2345, 3914, 4480]
20150811 08:33_[1012, 8136, 2934, 3996]
20150811 08:34_[2036, 8610, 1539, 5489]
20150811 08:35_[4691, 8552, 2748, 8339]
20150811 08:36_[6026, 6859, 5240, 3326]
20150811 08:37_[3396, 3699, 7709, 4808]
20150811 08:38_[9696, 2434, 6652, 7073]
20150811 08:39_[7504, 4175, 9292, 6422]
20150811 08:40_[2813, 7854, 3055, 8721]
20150811 08:41_[2174, 5824, 9953, 5713]
20150811 08:42_[5746, 3617, 6033, 4349]
20150811 08:43_[1305, 6266, 9469, 7885]
20150811 08:44_[3110, 7503, 9052, 2391]
20150811 08:45_[6886, 3997, 6602, 5414]
20150811 08:46_[6760, 6067, 7297, 3180]
20150811 08:47_[1562, 5940, 1490, 9858]
20150811 08:48_[7149, 9773, 2197, 8650]
20150811 08:49_[9326, 4672, 9284, 6758]
20150811 08:50_[5012, 7085, 9439, 8078]
20150811 08:51_[8838, 6397, 9085, 1559]
20150811 08:52_[3874, 3362, 2394, 9301]
20150811 08:53_[7863, 4301, 7641, 8579]
20150811 08:54_[6852, 4857, 5910, 8351]
20150811 08:55_[5482, 8324, 9875, 5558]
20150811 08:56_[7818, 9215, 1423, 1519]
20150811 08:57_[7429, 9346, 3439, 5275]
20150811 08:58_[8106, 3203, 1558, 5545]
20150811 08:59_[9076, 1747, 5183, 5419]
20150811 09:00_[5018, 4946, 5163, 4300]
20150811 09:01_[2096, 2629, 5183, 9412]
20150811 09:02_[7420, 6009, 9930, 8284]
20150811 09:03_[1407, 5195, 8842, 4368]
20150811 09:04_[8514, 6493, 2806, 5711]
20150811 09:05_[1424, 3458, 3240, 3747]
20150811 09:06_[2484, 3310, 1741, 3162]
20150811 09:07_[9130, 3942, 2555, 4018]
20150811 09:08_[5972, 8252, 4264, 9438]
20150811 09:09_[7925, 6588, 4999, 4153]
20150811 09:10_[4197, 2063, 2285, 4608]
20150811 09:11_[1736, 9316, 2932, 2966]
20150811 09:12_[5170, 1931, 4671, 1502]
20150811 09:13_[4951, 5994, 1469, 5734]
20150811 09:14_[9792, 3365, 2042, 2362]
20150811 09:15_[1954, 8058, 1826, 7507]
20150811 09:16_[4366, 9406, 4839, 7235]
20150811 09:17_[1765, 9527, 9002, 4429]
20150811 09:18_[5656, 8473, 4383, 3219]
20150811 09:19_[5976, 5293, 2384, 5697]
20150811 09:20_[6832, 6505, 3326, 4617]
20150811 09:21_[6899, 4439, 2750, 5928]
20150811 09:22_[7955, 4238, 4288, 5050]
20150811 09:23_[3281, 7740, 2359, 4171]
20150811 09:24_[1050, 6518, 5369, 3411]
20150811 09:25_[1095, 2449, 9065, 9222]
20150811 09:26_[1330, 9213, 2699, 3567]
20150811 09:27_[2812, 8608, 2853, 5800]
20150811 09:28_[4514, 1795, 1330, 8700]
20150811 09:29_[7042, 7229, 5315, 6033]
20150811 09:30_[7461, 7663, 2183, 8919]
20150811 09:31_[4139, 4837, 7952, 1784]
20150811 09:32_[7779, 1365, 2689, 4924]
20150811 09:33_[4803, 6995, 7611, 7389]
20150811 09:34_[6589, 4774, 2270, 1056]
20150811 09:35_[9530, 3683, 7973, 4062]
20150811 09:36_[2348, 3719, 2091, 9675]
20150811 09:37_[2981, 5836, 1689, 3466]
20150811 09:38_[7650, 9079, 8032, 5162]
20150811 09:39_[2076, 6973, 4238, 3270]
20150811 09:40_[9278, 4364, 2287, 9597]
20150811 09:41_[8875, 9530, 9423, 1348]
20150811 09:42_[7671, 5205, 8557, 9284]
20150811 09:43_[4340, 3497, 7057, 3478]
20150811 09:44_[2613, 5650, 6363, 4911]
20150811 09:45_[9932, 7159, 7631, 2450]
20150811 09:46_[4133, 8903, 5324, 5309]
20150811 09:47_[8867, 9413, 7396, 2782]
20150811 09:48_[5355, 8296, 3356, 5702]
20150811 09:49_[4381, 9789, 3198, 3953]
20150811 09:50_[5647, 2749, 5628, 5316]
20150811 09:51_[2694, 1692, 9983, 5422]
20150811 09:52_[9453, 3383, 4125, 3051]
20150811 09:53_[7243, 3689, 6607, 4931]
20150811 09:54_[7042, 6301, 4648, 4934]
20150811 09:55_[9977, 1743, 8196, 1818]
20150811 09:56_[2734, 7482, 6517, 7316]
20150811 09:57_[9780, 5568, 8603, 2120]
20150811 09:58_[2929, 7001, 5282, 9024]
20150811 09:59_[6102, 9776, 9507, 6315]
20150811 10:00_[6984, 8729, 9389, 5928]
20150811 10:01_[5072, 5788, 1733, 4807]
20150811 10:02_[5085, 1477, 4642, 4547]
20150811 10:03_[2122, 9648, 2249, 2964]
20150811 10:04_[5036, 4459, 9007, 4319]
20150811 10:05_[2306, 3979, 9703, 5384]
20150811 10:06_[2004, 6913, 5621, 8621]
20150811 10:07_[4648, 3729, 7605, 6000]
20150811 10:08_[6560, 3941, 3303, 6836]
20150811 10:09_[5123, 2558, 3124, 9637]
20150811 10:10_[9926, 6289, 1689, 4912]
20150811 10:11_[6618, 8190, 9523, 6276]
20150811 10:12_[3668, 7585, 9258, 8845]
20150811 10:13_[4039, 4341, 8170, 5945]
20150811 10:14_[8210, 3541, 6630, 2033]
20150811 10:15_[7493, 1777, 8528, 5360]
20150811 10:16_[2152, 8442, 9772, 3074]
20150811 10:17_[2125, 9679, 6695, 5570]
20150811 10:18_[6964, 8785, 2103, 4343]
20150811 10:19_[6549, 2478, 1056, 8860]
20150811 10:20_[4791, 3572, 3830, 6979]
20150811 10:21_[7216, 4675, 4383, 8942]
20150811 10:22_[1378, 9963, 7916, 8492]
20150811 10:23_[2307, 8095, 6864, 8265]
20150811 10:24_[3945, 2729, 2759, 6915]
20150811 10:25_[9214, 6267, 4133, 7639]
20150811 10:26_[5953, 1885, 7339, 1086]
20150811 10:27_[5572, 7857, 9535, 6295]
20150811 10:28_[9708, 2093, 7477, 2060]
20150811 10:29_[4137, 2897, 7950, 9942]
20150811 10:30_[8282, 5360, 8953, 8550]
20150811 10:31_[8507, 8317, 8024, 3716]
20150811 10:32_[5970, 8247, 4638, 9329]
20150811 10:33_[1081, 6639, 8400, 3517]
20150811 10:34_[1801, 6301, 7333, 9898]
20150811 10:35_[6687, 5054, 5005, 2231]
20150811 10:36_[7619, 7510, 5415, 4374]
20150811 10:37_[6328, 9134, 8154, 8582]
20150811 10:38_[9953, 4000, 6808, 5129]
20150811 10:39_[7102, 8315, 3906, 6370]
20150811 10:40_[2296, 6930, 5137, 6203]
20150811 10:41_[2031, 7247, 5207, 7521]
20150811 10:42_[5016, 6287, 3464, 9049]
20150811 10:43_[1594, 6070, 9893, 5219]
20150811 10:44_[2698, 5227, 3858, 2274]
20150811 10:45_[8167, 8411, 8331, 3201]
20150811 10:46_[9560, 1972, 1253, 1085]
20150811 10:47_[2713, 1716, 7038, 4109]
20150811 10:48_[5823, 3054, 2619, 1617]
20150811 10:49_[4706, 3910, 1730, 1417]
20150811 10:50_[9068, 1463, 6588, 6384]
20150811 10:51_[8363, 8134, 2055, 1289]
20150811 10:52_[8331, 6956, 4317, 1022]
20150811 10:53_[8179, 4874, 3724, 4716]
20150811 10:54_[8596, 5900, 5687, 6709]
20150811 10:55_[1114, 3098, 2259, 9914]
20150811 10:56_[4759, 1035, 5067, 1262]
20150811 10:57_[9350, 2436, 7343, 8353]
20150811 10:58_[3563, 8371, 7389, 9807]
20150811 10:59_[6610, 8267, 3697, 8298]
20150811 11:00_[2537, 9002, 4868, 7063]
20150811 11:01_[6825, 7820, 5779, 7280]
20150811 11:02_[6084, 2281, 9233, 9131]
20150811 11:03_[6698, 2193, 5525, 3231]
20150811 11:04_[9612, 5428, 2505, 2550]
20150811 11:05_[4862, 7669, 2898, 3212]
20150811 11:06_[8622, 9375, 9419, 8315]
20150811 11:07_[8340, 6658, 4639, 4105]
20150811 11:08_[7157, 1121, 2010, 5145]
20150811 11:09_[1615, 1703, 4556, 7889]
20150811 11:10_[4220, 6076, 6243, 3104]
20150811 11:11_[8238, 5657, 3975, 7930]
20150811 11:12_[1591, 8454, 8314, 4054]
20150811 11:13_[1537, 8236, 5574, 9535]
20150811 11:14_[6112, 1560, 9660, 3398]
20150811 11:15_[8353, 4098, 6976, 8370]
20150811 11:16_[5445, 6193, 2628, 4657]
20150811 11:17_[3630, 7016, 8647, 7427]
20150811 11:18_[2694, 5624, 5374, 1590]
20150811 11:19_[9324, 3970, 8831, 2283]
20150811 11:20_[9184, 3459, 6947, 7567]
20150811 11:21_[5899, 9195, 1522, 7182]
20150811 11:22_[4032, 5586, 7077, 6981]
20150811 11:23_[4671, 1375, 2400, 1037]
20150811 11:24_[6758, 2040, 4200, 3550]
20150811 11:25_[8289, 2253, 9466, 2624]
20150811 11:26_[8044, 1301, 2634, 8845]
20150811 11:27_[3334, 7495, 9950, 2744]
20150811 11:28_[3725, 1063, 2326, 3826]
20150811 11:29_[8531, 5939, 4508, 4033]
20150811 11:30_[1120, 1642, 5807, 1972]
20150811 11:31_[4705, 1753, 7430, 6051]
20150811 11:32_[8859, 8091, 5694, 6718]
20150811 11:33_[7188, 5915, 2494, 3191]
20150811 11:34_[3138, 6094, 3679, 7727]
20150811 11:35_[8317, 2422, 2590, 9767]
20150811 11:36_[3967, 6227, 9358, 2071]
20150811 11:37_[7390, 6281, 3215, 8045]
20150811 11:38_[2818, 9397, 9027, 9435]
20150811 11:39_[8546, 7752, 7944, 5031]
20150811 11:40_[4635, 8356, 5095, 1086]
20150811 11:41_[6505, 3193, 1544, 3406]
20150811 11:42_[4089, 4242, 5026, 2209]
20150811 11:43_[6301, 7720, 2304, 4194]
20150811 11:44_[9177, 6846, 5412, 1831]
20150811 11:45_[6103, 3754, 5200, 3484]
20150811 11:46_[3354, 3557, 4667, 2621]
20150811 11:47_[2706, 6828, 3267, 1845]
20150811 11:48_[7990, 3423, 5900, 5856]
20150811 11:49_[5175, 5173, 6873, 5707]
20150811 11:50_[3729, 5885, 3967, 9317]
20150811 11:51_[7300, 3628, 8987, 4160]
20150811 11:52_[9595, 8720, 5067, 9024]
20150811 11:53_[5265, 7184, 8250, 1427]
20150811 11:54_[4915, 3798, 5264, 7027]
20150811 11:55_[4798, 5192, 6446, 3957]
20150811 11:56_[3102, 2322, 5625, 8744]
20150811 11:57_[9825, 5756, 4086, 6117]
20150811 11:58_[5890, 8598, 8944, 4757]
20150811 11:59_[2398, 3599, 4194, 3305]
20150811 12:00_[2921, 3868, 3760, 5702]
20150811 12:01_[8818, 4060, 6196, 7273]
20150811 12:02_[8287, 4096, 8893, 9395]
20150811 12:03_[5660, 1414, 1924, 6802]
20150811 12:04_[6999, 8755, 5462, 8329]
20150811 12:05_[2684, 4746, 9993, 3872]
20150811 12:06_[6936, 7597, 6734, 9086]
20150811 12:07_[7381, 2292, 4519, 5789]
20150811 12:08_[2011, 4180, 9408, 7825]
20150811 12:09_[3200, 3555, 7981, 7069]
20150811 12:10_[5574, 8883, 4361, 6972]
20150811 12:11_[3344, 2420, 5459, 3840]
20150811 12:12_[7768, 1981, 6678, 9508]
20150811 12:13_[8885, 3458, 9069, 2347]
20150811 12:14_[2380, 1790, 7790, 8815]
20150811 12:15_[1441, 8155, 4948, 8590]
20150811 12:16_[7042, 9487, 3842, 4581]
20150811 12:17_[2807, 6286, 3505, 6184]
20150811 12:18_[3498, 6148, 1912, 6680]
20150811 12:19_[4308, 3211, 3465, 2141]
20150811 12:20_[1023, 2603, 6701, 6555]
20150811 12:21_[3546, 7868, 4987, 2524]
20150811 12:22_[2267, 4923, 2043, 7752]
20150811 12:23_[6709, 2669, 3234, 6458]
20150811 12:24_[1127, 2953, 3850, 4358]
20150811 12:25_[4925, 8821, 7421, 6168]
20150811 12:26_[3187, 7088, 4125, 1400]
20150811 12:27_[9939, 5807, 1222, 7569]
20150811 12:28_[2257, 1310, 6664, 9114]
20150811 12:29_[3670, 4860, 7558, 7464]
20150811 12:30_[6571, 2962, 2594, 5763]
20150811 12:31_[7245, 4602, 4713, 4593]
20150811 12:32_[2122, 4018, 8809, 2268]
20150811 12:33_[1614, 5973, 5458, 3493]
20150811 12:34_[8694, 4078, 1023, 8161]
20150811 12:35_[2086, 6502, 6294, 7575]
20150811 12:36_[2459, 5791, 9160, 4868]
20150811 12:37_[1789, 6295, 5688, 2020]
20150811 12:38_[7790, 9754, 6039, 9892]
20150811 12:39_[8594, 8817, 5521, 6977]
20150811 12:40_[2951, 2165, 6335, 8400]
20150811 12:41_[5907, 6292, 1504, 7009]
20150811 12:42_[6378, 7345, 7414, 2325]
20150811 12:43_[5631, 3876, 3716, 7269]
20150811 12:44_[2155, 4651, 6778, 4178]
20150811 12:45_[9744, 1203, 8747, 6637]
20150811 12:46_[7075, 6580, 9544, 9895]
20150811 12:47_[7507, 8103, 2868, 5258]
20150811 12:48_[5906, 3078, 3435, 3322]
20150811 12:49_[2377, 6738, 2676, 6803]
20150811 12:50_[6885, 4526, 5428, 4896]
20150811 12:51_[2684, 5161, 9532, 5200]
20150811 12:52_[4493, 7398, 1828, 8941]
20150811 12:53_[4065, 3508, 1206, 1070]
20150811 12:54_[2223, 1296, 1828, 5417]
20150811 12:55_[7921, 4892, 9984, 8638]
20150811 12:56_[7003, 3347, 4407, 9376]
20150811 12:57_[1297, 2177, 2958, 8738]
20150811 12:58_[9697, 6590, 1074, 4649]
20150811 12:59_[2800, 3367, 7663, 1696]
20150811 13:00_[2307, 1960, 9339, 1039]
20150811 13:01_[8014, 5849, 5909, 5149]
20150811 13:02_[8532, 2479, 6490, 4115]
20150811 13:03_[7856, 1956, 9494, 5309]
20150811 13:04_[4228, 5444, 9968, 2869]
20150811 13:05_[5282, 5245, 6939, 3290]
20150811 13:06_[8650, 4326, 3490, 5471]
20150811 13:07_[7248, 7755, 8492, 2504]
20150811 13:08_[8478, 5089, 1500, 1664]
20150811 13:09_[4492, 3566, 3854, 2679]
20150811 13:10_[9311, 5629, 8740, 2192]
20150811 13:11_[4354, 9974, 5626, 3427]
20150811 13:12_[2217, 4031, 4433, 9365]
20150811 13:13_[4653, 8338, 4386, 9066]
20150811 13:14_[9397, 2196, 7325, 7346]
20150811 13:15_[3030, 5580, 3324, 8301]
20150811 13:16_[1142, 2685, 5048, 5287]
20150811 13:17_[4555, 3042, 9822, 2374]
20150811 13:18_[2389, 6733, 8892, 2132]
20150811 13:19_[4039, 2898, 3040, 6105]
20150811 13:20_[9968, 6010, 8396, 9235]
20150811 13:21_[4758, 1764, 9214, 9255]
20150811 13:22_[1516, 7231, 3874, 7628]
20150811 13:23_[1463, 5318, 9700, 6475]
20150811 13:24_[1316, 1327, 2529, 6461]
20150811 13:25_[6637, 3591, 5212, 5985]
20150811 13:26_[8644, 4389, 5189, 7026]
20150811 13:27_[8742, 3530, 2794, 4551]
20150811 13:28_[9452, 5315, 1702, 7785]
20150811 13:29_[6282, 1031, 1267, 9053]
20150811 13:30_[2575, 1138, 6885, 1050]
20150811 13:31_[5858, 7080, 1822, 7288]
20150811 13:32_[6734, 3210, 6276, 4374]
20150811 13:33_[5776, 5764, 5441, 6390]
20150811 13:34_[1665, 9670, 8091, 5394]
20150811 13:35_[8756, 7373, 8818, 1538]
20150811 13:36_[6459, 7505, 1741, 9706]
20150811 13:37_[4823, 1880, 8142, 3267]
20150811 13:38_[7186, 3676, 5347, 7152]
20150811 13:39_[2932, 8138, 2624, 5238]
20150811 13:40_[2408, 5443, 1134, 6756]
20150811 13:41_[7706, 8923, 8867, 2570]
20150811 13:42_[3232, 6203, 2433, 3787]
20150811 13:43_[4339, 4120, 8294, 1054]
20150811 13:44_[9599, 4556, 8794, 6337]
20150811 13:45_[4122, 4685, 3980, 8266]
20150811 13:46_[2875, 1991, 4873, 1264]
20150811 13:47_[9834, 5849, 9404, 5437]
20150811 13:48_[1253, 9982, 1681, 4180]
20150811 13:49_[6150, 3367, 3303, 9214]
20150811 13:50_[6902, 8634, 1467, 7402]
20150811 13:51_[5502, 8291, 1655, 5757]
20150811 13:52_[7837, 4362, 1784, 8491]
20150811 13:53_[6136, 9253, 1177, 1526]
20150811 13:54_[1739, 3471, 7347, 7200]
20150811 13:55_[3317, 5449, 3401, 9744]
20150811 13:56_[3652, 9258, 9427, 9241]
20150811 13:57_[5163, 7350, 4873, 6689]
20150811 13:58_[7052, 3634, 2571, 9045]
20150811 13:59_[4419, 1136, 5762, 5157]
20150811 14:00_[6145, 4042, 8118, 7786]
20150811 14:01_[6616, 3411, 3012, 4191]
20150811 14:02_[3980, 7025, 5503, 7099]
20150811 14:03_[1860, 8532, 9024, 7669]
20150811 14:04_[5679, 8030, 8989, 7147]
20150811 14:05_[5096, 5711, 5247, 8594]
20150811 14:06_[6699, 7620, 8413, 9498]
20150811 14:07_[2771, 7035, 8668, 2500]
20150811 14:08_[4032, 3654, 5441, 6908]
20150811 14:09_[4230, 6728, 7627, 2810]
20150811 14:10_[5817, 8995, 5182, 7391]
20150811 14:11_[2898, 6403, 1858, 8980]
20150811 14:12_[1648, 1647, 2331, 1257]
20150811 14:13_[9212, 1929, 5889, 5674]
20150811 14:14_[3530, 9298, 1243, 1213]
20150811 14:15_[1748, 3024, 4185, 6905]
20150811 14:16_[8425, 8004, 6934, 9215]
20150811 14:17_[1911, 4125, 5369, 1537]
20150811 14:18_[2662, 9862, 8416, 4831]
20150811 14:19_[5464, 7216, 1809, 1033]
20150811 14:20_[5156, 4953, 4750, 9284]
20150811 14:21_[8979, 3857, 3431, 7919]
20150811 14:22_[2646, 9040, 4092, 5852]
20150811 14:23_[4724, 7601, 8738, 4658]
20150811 14:24_[7734, 1336, 3590, 6142]
20150811 14:25_[4556, 1438, 6841, 7779]
20150811 14:26_[6527, 5564, 1986, 5343]
20150811 14:27_[8387, 4341, 2667, 4955]
20150811 14:28_[2916, 8298, 9422, 9422]
20150811 14:29_[9792, 9048, 9729, 4428]
20150811 14:30_[9202, 2708, 8888, 8933]
20150811 14:31_[7222, 4141, 8408, 9643]
20150811 14:32_[8241, 9463, 9810, 7315]
20150811 14:33_[8159, 9842, 6949, 2499]
20150811 14:34_[9400, 2472, 9805, 8267]
20150811 14:35_[9885, 6682, 6943, 9596]
20150811 14:36_[7091, 8813, 3699, 2364]
20150811 14:37_[8101, 1032, 6306, 3859]
20150811 14:38_[3229, 1835, 9172, 7231]
20150811 14:39_[9218, 7607, 7265, 5848]
20150811 14:40_[2519, 1802, 4090, 5809]
20150811 14:41_[1907, 6457, 5152, 9026]
20150811 14:42_[6019, 3709, 5167, 1669]
20150811 14:43_[4124, 6447, 3124, 7738]
20150811 14:44_[6177, 1848, 9690, 5292]
20150811 14:45_[2381, 4356, 3971, 1374]
20150811 14:46_[6885, 3551, 1039, 4014]
20150811 14:47_[7941, 8008, 7801, 9649]
20150811 14:48_[8239, 2595, 4979, 7318]
20150811 14:49_[4663, 3131, 9187, 9621]
20150811 14:50_[5592, 9427, 6567, 9162]
20150811 14:51_[8240, 4694, 5828, 8897]
20150811 14:52_[3135, 9967, 3362, 8884]
20150811 14:53_[9208, 5932, 6783, 8342]
20150811 14:54_[5330, 6740, 2580, 5170]
20150811 14:55_[9652, 5130, 6165, 8565]
20150811 14:56_[7694, 8347, 5003, 8860]
20150811 14:57_[7812, 9826, 1859, 3963]
20150811 14:58_[5886, 5455, 8869, 6601]
20150811 14:59_[2634, 9081, 7242, 5899]
20150811 15:00_[1018, 1578, 9284, 3476]
20150811 15:01_[9803, 1625, 6047, 8258]
20150811 15:02_[7512, 1325, 7263, 1319]
20150811 15:03_[6401, 5668, 6865, 4740]
20150811 15:04_[7306, 5592, 7989, 8087]
20150811 15:05_[4619, 9536, 9573, 7381]
20150811 15:06_[3089, 4694, 8006, 2444]
20150811 15:07_[3108, 7877, 9692, 9328]
20150811 15:08_[5294, 8617, 2124, 5499]
20150811 15:09_[4317, 5237, 8215, 4996]
20150811 15:10_[4751, 3749, 2776, 7552]
20150811 15:11_[2151, 8584, 9987, 7507]
20150811 15:12_[2362, 1818, 7305, 8209]
20150811 15:13_[4666, 4938, 5637, 5525]
20150811 15:14_[2602, 3718, 3892, 2234]
20150811 15:15_[1265, 2813, 3725, 9176]
20150811 15:16_[3038, 6024, 3211, 8866]
20150811 15:17_[4288, 5760, 9566, 7010]
20150811 15:18_[8996, 6512, 1598, 5236]
20150811 15:19_[4620, 4476, 5524, 2726]
20150811 15:20_[4386, 2560, 4805, 6337]
20150811 15:21_[9850, 6312, 2649, 4046]
20150811 15:22_[1815, 9924, 3154, 4086]
20150811 15:23_[1124, 1520, 7125, 1822]
20150811 15:24_[6906, 3069, 5583, 5347]
20150811 15:25_[7255, 2696, 5368, 1751]
20150811 15:26_[7664, 6787, 7191, 5622]
20150811 15:27_[5568, 5845, 2935, 7001]
20150811 15:28_[8088, 8126, 4174, 5959]
20150811 15:29_[2767, 4994, 4251, 6052]
20150811 15:30_[1013, 4740, 8866, 3204]
20150811 15:31_[7466, 9953, 9243, 1540]
20150811 15:32_[4049, 8879, 5147, 2696]
20150811 15:33_[5800, 6279, 9998, 6610]
20150811 15:34_[9341, 7158, 7430, 8724]
20150811 15:35_[2852, 8241, 5602, 9567]
20150811 15:36_[9507, 2167, 6424, 3452]
20150811 15:37_[9184, 1815, 3826, 9644]
20150811 15:38_[4197, 7343, 7511, 9745]
20150811 15:39_[3710, 7867, 9376, 2913]
20150811 15:40_[9557, 6232, 1861, 9642]
20150811 15:41_[5942, 6838, 6411, 2870]
20150811 15:42_[6143, 3438, 5322, 9741]
20150811 15:43_[9260, 1396, 6176, 3272]
20150811 15:44_[6391, 8625, 4754, 9693]
20150811 15:45_[1264, 3767, 3786, 7552]
20150811 15:46_[3640, 8122, 6677, 4263]
20150811 15:47_[3468, 2199, 4811, 7344]
20150811 15:48_[7271, 5530, 1259, 3199]
20150811 15:49_[7529, 7949, 1004, 3935]
20150811 15:50_[6743, 6647, 2211, 6701]
20150811 15:51_[1380, 2257, 3489, 1938]
20150811 15:52_[9714, 4230, 3579, 1838]
20150811 15:53_[1477, 6664, 6416, 6001]
20150811 15:54_[3163, 4602, 7343, 1342]
20150811 15:55_[3628, 5915, 1117, 6587]
20150811 15:56_[7381, 2977, 1424, 2657]
20150811 15:57_[7128, 9667, 5378, 7323]
20150811 15:58_[6141, 9803, 3036, 5328]
20150811 15:59_[7020, 4632, 4215, 6889]
20150811 16:00_[7305, 8687, 4087, 3477]
20150811 16:01_[3727, 8718, 4437, 5872]
20150811 16:02_[6102, 2272, 7870, 8121]
20150811 16:03_[1369, 9493, 3203, 3004]
20150811 16:04_[4394, 7813, 2238, 3449]
20150811 16:05_[6125, 5469, 1107, 5683]
20150811 16:06_[8221, 5844, 4110, 2045]
20150811 16:07_[4871, 6724, 5711, 9959]
20150811 16:08_[9027, 8826, 5920, 5511]
20150811 16:09_[3069, 4896, 5148, 6374]
20150811 16:10_[9722, 3869, 6838, 1731]
20150811 16:11_[2043, 5953, 8919, 3901]
20150811 16:12_[3253, 1723, 9344, 3419]
20150811 16:13_[1271, 8810, 8975, 6703]
20150811 16:14_[5702, 4640, 4637, 7960]
20150811 16:15_[9023, 5382, 8894, 3925]
20150811 16:16_[3689, 8237, 1046, 8539]
20150811 16:17_[6746, 5857, 1434, 5731]
20150811 16:18_[1381, 6448, 4074, 5678]
20150811 16:19_[6157, 7948, 5614, 4544]
20150811 16:20_[5352, 7048, 7407, 8601]
20150811 16:21_[3379, 1223, 3723, 2779]
20150811 16:22_[4962, 3622, 4023, 2023]
20150811 16:23_[4435, 1985, 3772, 5851]
20150811 16:24_[9543, 6827, 1208, 4303]
20150811 16:25_[8446, 4079, 2863, 9402]
20150811 16:26_[8588, 3177, 7880, 6788]
20150811 16:27_[6447, 7116, 9112, 1700]
20150811 16:28_[1177, 6986, 5966, 5864]
20150811 16:29_[5191, 3548, 4816, 8398]
20150811 16:30_[8424, 6269, 3821, 8312]
20150811 16:31_[1892, 6262, 6507, 8291]
20150811 16:32_[4416, 7955, 4912, 8075]
20150811 16:33_[4185, 5984, 4553, 8022]
20150811 16:34_[2679, 7159, 8280, 3185]
20150811 16:35_[8208, 5560, 1065, 4928]
20150811 16:36_[8852, 8484, 9961, 6394]
20150811 16:37_[2152, 2714, 7103, 4164]
20150811 16:38_[6044, 8768, 3563, 4027]
20150811 16:39_[6268, 5735, 6398, 8824]
20150811 16:40_[6848, 3861, 7996, 3321]
20150811 16:41_[8371, 6722, 8972, 4462]
20150811 16:42_[3104, 7926, 8744, 9223]
20150811 16:43_[8817, 3444, 2234, 6585]
20150811 16:44_[9275, 9714, 9390, 5676]
20150811 16:45_[1928, 2920, 8146, 8591]
20150811 16:46_[7043, 2781, 4434, 5609]
20150811 16:47_[9091, 2104, 6042, 7215]
20150811 16:48_[4111, 1073, 3560, 4790]
20150811 16:49_[7095, 9845, 6492, 7839]
20150811 16:50_[1115, 9338, 1619, 4264]
20150811 16:51_[2591, 2818, 9812, 9259]
20150811 16:52_[3893, 9216, 8340, 6025]
20150811 16:53_[3770, 1065, 9544, 7773]
20150811 16:54_[6750, 9804, 7455, 1975]
20150811 16:55_[2447, 5672, 7042, 5366]
20150811 16:56_[2047, 3785, 4439, 2721]
20150811 16:57_[1340, 2013, 9229, 6192]
20150811 16:58_[1271, 4140, 6831, 5604]
20150811 16:59_[2803, 7992, 9883, 3699]
20150811 17:00_[6555, 7110, 8796, 2069]
20150811 17:01_[5682, 9881, 8357, 8664]
20150811 17:02_[3004, 1344, 4876, 1451]
20150811 17:03_[8348, 2311, 5252, 2404]
20150811 17:04_[9881, 1555, 2474, 1297]
20150811 17:05_[4746, 7356, 5983, 7783]
20150811 17:06_[9656, 5023, 5951, 4692]
20150811 17:07_[7744, 8124, 4079, 9829]
20150811 17:08_[8786, 4520, 2397, 3675]
20150811 17:09_[1991, 8841, 9816, 9599]
20150811 17:10_[6764, 3725, 4750, 2410]
20150811 17:11_[5368, 3083, 7834, 3556]
20150811 17:12_[1204, 9911, 1797, 7973]
20150811 17:13_[9795, 2716, 3573, 3215]
20150811 17:14_[5656, 7747, 8005, 1204]
20150811 17:15_[4479, 5999, 2925, 7400]
20150811 17:16_[5807, 2809, 4904, 8981]
20150811 17:17_[4943, 4847, 4926, 1084]
20150811 17:18_[7857, 9820, 1851, 8325]
20150811 17:19_[3575, 6221, 8107, 1433]
20150811 17:20_[1423, 5079, 1308, 4877]
20150811 17:21_[8006, 7140, 2753, 2459]
20150811 17:22_[3323, 7729, 3349, 8122]
20150811 17:23_[7190, 5412, 4875, 1465]
20150811 17:24_[1808, 4425, 7427, 9335]
20150811 17:25_[5017, 7373, 4622, 6676]
20150811 17:26_[5072, 9017, 2265, 1538]
20150811 17:27_[3968, 8343, 8520, 8796]
20150811 17:28_[4082, 7585, 6298, 6965]
20150811 17:29_[9514, 7569, 2557, 6059]
20150811 17:30_[4958, 8931, 7320, 9926]
20150811 17:31_[3504, 2017, 2903, 3393]
20150811 17:32_[5487, 2198, 5421, 5383]
20150811 17:33_[4972, 1193, 2871, 6690]
20150811 17:34_[1548, 5357, 2251, 3662]
20150811 17:35_[1428, 7560, 5897, 4731]
20150811 17:36_[1665, 5968, 2110, 5825]
20150811 17:37_[8262, 2154, 6577, 3628]
20150811 17:38_[7572, 2897, 7507, 4164]
20150811 17:39_[2406, 2735, 3760, 6293]
20150811 17:40_[5564, 2280, 9307, 9931]
20150811 17:41_[8713, 5770, 9596, 3385]
20150811 17:42_[4213, 1856, 3091, 9346]
20150811 17:43_[9429, 2435, 3108, 8451]
20150811 17:44_[9403, 1170, 3718, 4482]
20150811 17:45_[8695, 1287, 2077, 8135]
20150811 17:46_[1222, 7174, 8201, 4456]
20150811 17:47_[4080, 6251, 4753, 7703]
20150811 17:48_[1603, 8196, 5866, 7103]
20150811 17:49_[1292, 4730, 2309, 7881]
20150811 17:50_[1799, 6371, 1104, 5422]
20150811 17:51_[5339, 5645, 3914, 8042]
20150811 17:52_[3965, 5748, 7264, 8269]
20150811 17:53_[2415, 4703, 4153, 1711]
20150811 17:54_[9367, 4362, 2786, 6173]
20150811 17:55_[5533, 4578, 3125, 5099]
20150811 17:56_[3514, 5609, 2021, 5034]
20150811 17:57_[3402, 2779, 1632, 2347]
20150811 17:58_[8062, 8099, 6069, 4957]
20150811 17:59_[1590, 6096, 6578, 8961]
20150811 18:00_[4232, 6013, 2763, 4516]
20150811 18:01_[5264, 7920, 5485, 2376]
20150811 18:02_[4778, 1336, 9318, 7411]
20150811 18:03_[3826, 2566, 6825, 5133]
20150811 18:04_[1451, 1973, 4130, 8788]
20150811 18:05_[9507, 4001, 2501, 2525]
20150811 18:06_[2505, 8866, 1518, 8455]
20150811 18:07_[5242, 7481, 3460, 2997]
20150811 18:08_[2299, 1163, 6135, 9523]
20150811 18:09_[8882, 3406, 1841, 6999]
20150811 18:10_[8905, 6500, 8562, 3833]
20150811 18:11_[8967, 1678, 4472, 5932]
20150811 18:12_[3411, 3408, 7413, 8068]
20150811 18:13_[8064, 6210, 4174, 8845]
20150811 18:14_[9133, 6674, 7856, 5816]
20150811 18:15_[9102, 2918, 8177, 8148]
20150811 18:16_[9599, 9745, 1653, 2896]
20150811 18:17_[2606, 5483, 9516, 2109]
20150811 18:18_[5290, 6964, 8146, 8530]
20150811 18:19_[2960, 6768, 1094, 4023]
20150811 18:20_[6459, 3437, 3678, 3723]
20150811 18:21_[3770, 8496, 5148, 2087]
20150811 18:22_[2898, 2345, 1650, 7427]
20150811 18:23_[1992, 3505, 1823, 6687]
20150811 18:24_[9349, 1756, 9847, 8059]
20150811 18:25_[2262, 3728, 8604, 7854]
20150811 18:26_[9038, 8166, 3801, 9878]
20150811 18:27_[5969, 2149, 4077, 2475]
20150811 18:28_[6138, 1991, 7398, 6495]
20150811 18:29_[7967, 1199, 1568, 2468]
20150811 18:30_[4291, 2045, 6943, 5886]
20150811 18:31_[5164, 3343, 5108, 7812]
20150811 18:32_[5697, 8151, 1558, 2315]
20150811 18:33_[6309, 5480, 1071, 7710]
20150811 18:34_[8640, 4327, 5100, 9494]
20150811 18:35_[2036, 4567, 1746, 8055]
20150811 18:36_[1510, 2430, 4892, 1710]
20150811 18:37_[6239, 2256, 3841, 6844]
20150811 18:38_[3265, 1212, 6194, 3972]
20150811 18:39_[5444, 8185, 8962, 4001]
20150811 18:40_[2486, 2803, 8428, 8245]
20150811 18:41_[5284, 2219, 1040, 5872]
20150811 18:42_[9001, 3720, 1856, 9094]
20150811 18:43_[6868, 7304, 2195, 4389]
20150811 18:44_[2899, 5527, 9026, 5138]
20150811 18:45_[6115, 9993, 6624, 3341]
20150811 18:46_[2367, 4355, 5567, 9579]
20150811 18:47_[4712, 9312, 4640, 1078]
20150811 18:48_[9035, 5227, 5624, 8997]
20150811 18:49_[5558, 7314, 5662, 8270]
20150811 18:50_[8042, 2962, 8017, 2459]
20150811 18:51_[9029, 3244, 8907, 5539]
20150811 18:52_[8652, 9634, 8086, 6195]
20150811 18:53_[3065, 7669, 8263, 4502]
20150811 18:54_[2837, 3292, 1175, 7434]
20150811 18:55_[3230, 1556, 4469, 4519]
20150811 18:56_[9038, 2009, 2369, 9227]
20150811 18:57_[6516, 4671, 9668, 7066]
20150811 18:58_[1415, 6919, 2536, 7765]
20150811 18:59_[9225, 4727, 2722, 8880]
20150811 19:00_[3795, 6437, 5728, 6099]
20150811 19:01_[7539, 6080, 2476, 1839]
20150811 19:02_[5706, 5515, 3095, 5258]
20150811 19:03_[9142, 6749, 1632, 9762]
20150811 19:04_[7951, 7370, 4348, 4263]
20150811 19:05_[5629, 6000, 7337, 3823]
20150811 19:06_[1199, 7560, 3866, 2612]
20150811 19:07_[5131, 4392, 2947, 7887]
20150811 19:08_[2327, 1394, 3633, 3910]
20150811 19:09_[5280, 5751, 6598, 5598]
20150811 19:10_[2450, 6005, 4634, 5447]
20150811 19:11_[6056, 3354, 8126, 2265]
20150811 19:12_[2223, 2961, 4692, 8395]
20150811 19:13_[9971, 2282, 1731, 1325]
20150811 19:14_[2174, 2105, 8649, 3090]
20150811 19:15_[8549, 1523, 9607, 3057]
20150811 19:16_[6694, 1923, 3278, 6381]
20150811 19:17_[3610, 8989, 9145, 7651]
20150811 19:18_[7050, 5215, 5570, 8131]
20150811 19:19_[1505, 5501, 9961, 6726]
20150811 19:20_[5002, 7301, 9821, 4634]
20150811 19:21_[1679, 7999, 4960, 4756]
20150811 19:22_[2504, 7193, 5825, 5192]
20150811 19:23_[5206, 1259, 4052, 1625]
20150811 19:24_[7847, 1564, 2904, 7116]
20150811 19:25_[2385, 7829, 5402, 4354]
20150811 19:26_[7355, 1031, 9006, 1988]
20150811 19:27_[2313, 8469, 3505, 7456]
20150811 19:28_[2814, 9969, 7516, 1146]
20150811 19:29_[1036, 9943, 8643, 1993]
20150811 19:30_[8364, 9944, 3774, 8504]
20150811 19:31_[4758, 6141, 1145, 5941]
20150811 19:32_[4501, 7849, 7871, 7510]
20150811 19:33_[4933, 8424, 1107, 3581]
20150811 19:34_[3995, 9671, 6420, 3952]
20150811 19:35_[2369, 7604, 6419, 2518]
20150811 19:36_[5498, 8680, 6689, 3943]
20150811 19:37_[1289, 3656, 2530, 6589]
20150811 19:38_[3908, 2384, 6824, 6572]
20150811 19:39_[9946, 1320, 8204, 3772]
20150811 19:40_[4426, 8597, 3716, 4980]
20150811 19:41_[5427, 7284, 7090, 1012]
20150811 19:42_[5433, 7603, 2508, 5922]
20150811 19:43_[4060, 2769, 8579, 7128]
20150811 19:44_[9846, 9246, 5388, 5359]
20150811 19:45_[5319, 5619, 3866, 3289]
20150811 19:46_[4787, 2857, 1990, 5923]
20150811 19:47_[7996, 6084, 4117, 7236]
20150811 19:48_[7435, 9055, 1570, 1776]
20150811 19:49_[3944, 4320, 4217, 7665]
20150811 19:50_[1580, 6183, 5459, 6827]
20150811 19:51_[7775, 8623, 1671, 2743]
20150811 19:52_[3051, 3400, 8232, 6983]
20150811 19:53_[1252, 1534, 7128, 7191]
20150811 19:54_[5600, 3021, 9619, 9329]
20150811 19:55_[3508, 5263, 8165, 1716]
20150811 19:56_[5248, 1175, 2893, 4810]
20150811 19:57_[8742, 4567, 4040, 8649]
20150811 19:58_[9117, 5119, 3481, 9961]
20150811 19:59_[7634, 6611, 1325, 5555]
20150811 20:00_[8169, 5514, 1465, 5192]
20150811 20:01_[4383, 6552, 9275, 4298]
20150811 20:02_[2231, 1392, 8243, 7444]
20150811 20:03_[9736, 3273, 3548, 3868]
20150811 20:04_[1659, 8020, 3903, 1424]
20150811 20:05_[4806, 7899, 8684, 6972]
20150811 20:06_[6876, 3125, 4724, 8643]
20150811 20:07_[3423, 6327, 8517, 1838]
20150811 20:08_[9887, 8911, 1900, 8124]
20150811 20:09_[2436, 2950, 8159, 5797]
20150811 20:10_[4041, 2608, 1431, 2092]
20150811 20:11_[3476, 1856, 4329, 6338]
20150811 20:12_[7973, 9189, 9744, 9379]
20150811 20:13_[1047, 6427, 4579, 8272]
20150811 20:14_[1036, 2868, 7132, 3711]
20150811 20:15_[9473, 7208, 2410, 4844]
20150811 20:16_[3891, 4047, 3677, 3425]
20150811 20:17_[3772, 2705, 6870, 5639]
20150811 20:18_[4351, 9849, 6008, 5482]
20150811 20:19_[1906, 4127, 9400, 1441]
20150811 20:20_[6597, 1258, 7314, 8855]
20150811 20:21_[4889, 8561, 6714, 4635]
20150811 20:22_[8218, 6827, 8907, 7637]
20150811 20:23_[3237, 4701, 1284, 6069]
20150811 20:24_[4917, 6569, 4531, 2452]
20150811 20:25_[1862, 1020, 9187, 9393]
20150811 20:26_[4471, 1426, 4082, 3163]
20150811 20:27_[8366, 7249, 2172, 6034]
20150811 20:28_[8368, 3971, 7458, 4719]
20150811 20:29_[8339, 3504, 8130, 1457]
20150811 20:30_[6164, 9415, 1514, 4138]
20150811 20:31_[7863, 7743, 4676, 6483]
20150811 20:32_[4980, 6436, 2961, 8537]
20150811 20:33_[7612, 5343, 4837, 8340]
20150811 20:34_[1427, 9895, 1725, 8825]
20150811 20:35_[8784, 5055, 1718, 3295]
20150811 20:36_[5885, 1799, 1046, 4010]
20150811 20:37_[9875, 8755, 1257, 4848]
20150811 20:38_[4745, 9367, 6642, 3029]
20150811 20:39_[6693, 4110, 4817, 9095]
20150811 20:40_[5974, 2350, 7666, 2995]
20150811 20:41_[5658, 5651, 8578, 3148]
20150811 20:42_[8905, 3379, 3607, 1978]
20150811 20:43_[3616, 9976, 5742, 9511]
20150811 20:44_[8749, 3001, 4773, 5065]
20150811 20:45_[5752, 3860, 2614, 3594]
20150811 20:46_[4755, 9029, 1100, 9231]
20150811 20:47_[3588, 9055, 3855, 9536]
20150811 20:48_[9011, 8479, 3737, 4680]
20150811 20:49_[7475, 9483, 5471, 5636]
20150811 20:50_[2329, 3970, 5332, 8554]
20150811 20:51_[8724, 8026, 9522, 3455]
20150811 20:52_[7015, 5451, 2823, 1417]
20150811 20:53_[8087, 3869, 8467, 5841]
20150811 20:54_[9607, 2754, 4670, 2929]
20150811 20:55_[2171, 1562, 3672, 5282]
20150811 20:56_[1898, 3090, 6207, 5408]
20150811 20:57_[1179, 3837, 4497, 4185]
20150811 20:58_[6842, 6287, 6323, 2027]
20150811 20:59_[5528, 1161, 9452, 2313]
20150811 21:00_[4083, 2356, 1471, 3276]
20150811 21:01_[2948, 2829, 8260, 1334]
20150811 21:02_[9548, 8594, 2769, 2842]
20150811 21:03_[7569, 7686, 9327, 2686]
20150811 21:04_[5366, 2388, 5722, 6521]
20150811 21:05_[2258, 4496, 7368, 1393]
20150811 21:06_[4897, 1394, 8532, 2998]
20150811 21:07_[1632, 7580, 7495, 6565]
20150811 21:08_[1535, 4636, 7267, 8723]
20150811 21:09_[5828, 7026, 8486, 8597]
20150811 21:10_[4949, 8373, 8615, 2502]
20150811 21:11_[1539, 4270, 8106, 2882]
20150811 21:12_[2469, 5172, 5954, 9019]
20150811 21:13_[4352, 1384, 7503, 5861]
20150811 21:14_[6720, 5677, 3813, 6147]
20150811 21:15_[5943, 3873, 9800, 5806]
20150811 21:16_[6701, 7421, 5845, 8807]
20150811 21:17_[7019, 3930, 3798, 6634]
20150811 21:18_[2800, 4976, 6829, 8469]
20150811 21:19_[7589, 1908, 6199, 8653]
20150811 21:20_[5890, 4404, 9206, 4005]
20150811 21:21_[1489, 9010, 7091, 8754]
20150811 21:22_[1798, 1209, 2372, 8134]
20150811 21:23_[4535, 4772, 6752, 4787]
20150811 21:24_[6518, 7529, 8228, 4995]
20150811 21:25_[5982, 9402, 6128, 9567]
20150811 21:26_[1184, 8643, 4503, 7865]
20150811 21:27_[7691, 7374, 4956, 8677]
20150811 21:28_[5785, 8812, 6966, 1827]
20150811 21:29_[2703, 4602, 4712, 6511]
20150811 21:30_[5200, 6903, 7530, 2758]
20150811 21:31_[2526, 6764, 7819, 6578]
20150811 21:32_[6114, 7079, 3963, 4571]
20150811 21:33_[4389, 9627, 5440, 7627]
20150811 21:34_[4661, 3900, 1760, 5895]
20150811 21:35_[3397, 1438, 2675, 9647]
20150811 21:36_[6751, 8884, 6513, 4418]
20150811 21:37_[1810, 2222, 6989, 9757]
20150811 21:38_[3575, 2573, 5769, 7586]
20150811 21:39_[6126, 9049, 4620, 4982]
20150811 21:40_[9379, 9639, 1407, 1784]
20150811 21:41_[4019, 7270, 1656, 5063]
20150811 21:42_[8656, 3844, 8819, 8305]
20150811 21:43_[2672, 2402, 6280, 6549]
20150811 21:44_[7643, 5480, 2859, 7134]
20150811 21:45_[8718, 4186, 2846, 9373]
20150811 21:46_[5817, 2012, 3412, 3748]
20150811 21:47_[7587, 7082, 7603, 2896]
20150811 21:48_[5113, 7126, 3044, 8568]
20150811 21:49_[1382, 9160, 8195, 4494]
20150811 21:50_[3075, 1011, 2648, 5073]
20150811 21:51_[1797, 1320, 9723, 7430]
20150811 21:52_[6444, 1983, 5731, 6566]
20150811 21:53_[4470, 5365, 8733, 2999]
20150811 21:54_[2873, 3999, 9470, 2836]
20150811 21:55_[9001, 5717, 1274, 2977]
20150811 21:56_[4741, 1119, 9430, 7470]
20150811 21:57_[7717, 9667, 5707, 3076]
20150811 21:58_[3374, 3795, 8684, 8895]
20150811 21:59_[7692, 9191, 4501, 5045]
20150811 22:00_[8147, 2738, 4460, 7359]
20150811 22:01_[7087, 9027, 7897, 5060]
20150811 22:02_[7130, 8796, 3902, 2059]
20150811 22:03_[4457, 9117, 7228, 8199]
20150811 22:04_[6046, 5925, 2167, 7690]
20150811 22:05_[6963, 7280, 8068, 7636]
20150811 22:06_[5726, 9821, 5108, 9758]
20150811 22:07_[5437, 6687, 1984, 6658]
20150811 22:08_[4510, 4097, 6706, 3746]
20150811 22:09_[2414, 2119, 6309, 3634]
20150811 22:10_[4878, 4152, 5242, 9899]
20150811 22:11_[7557, 8788, 6742, 8832]
20150811 22:12_[1039, 2008, 3781, 3008]
20150811 22:13_[5670, 3983, 3379, 3849]
20150811 22:14_[6381, 7832, 6294, 8539]
20150811 22:15_[1883, 9844, 2905, 3334]
20150811 22:16_[5103, 3374, 6097, 4631]
20150811 22:17_[9069, 7646, 2994, 8596]
20150811 22:18_[8432, 6334, 5434, 2360]
20150811 22:19_[5748, 9232, 6488, 3612]
20150811 22:20_[1345, 7306, 5039, 9153]
20150811 22:21_[4858, 9355, 4208, 8476]
20150811 22:22_[9210, 7212, 6713, 6511]
20150811 22:23_[2103, 1362, 6852, 3225]
20150811 22:24_[3208, 2198, 7468, 1517]
20150811 22:25_[5589, 3704, 1342, 6582]
20150811 22:26_[7591, 2246, 4760, 1811]
20150811 22:27_[4235, 7875, 7778, 8297]
20150811 22:28_[5912, 7123, 4892, 6323]
20150811 22:29_[8392, 3082, 5761, 9786]
20150811 22:30_[2624, 3551, 7999, 7322]
20150811 22:31_[1676, 6063, 7512, 5063]
20150811 22:32_[5238, 4914, 2136, 4891]
20150811 22:33_[6218, 3612, 7884, 8523]
20150811 22:34_[2187, 8817, 6385, 3760]
20150811 22:35_[1689, 7772, 1527, 9978]
20150811 22:36_[7504, 1345, 2817, 9808]
20150811 22:37_[3285, 7264, 6944, 2225]
20150811 22:38_[9081, 9446, 3603, 2898]
20150811 22:39_[4507, 6206, 9805, 6497]
20150811 22:40_[5918, 1807, 5696, 8773]
20150811 22:41_[8734, 5563, 2108, 9280]
20150811 22:42_[4082, 1299, 5713, 7936]
20150811 22:43_[7546, 3686, 5354, 6378]
20150811 22:44_[6327, 9964, 6344, 1939]
20150811 22:45_[5365, 8464, 2051, 8699]
20150811 22:46_[3328, 8338, 9376, 4338]
20150811 22:47_[3361, 7926, 5250, 1562]
20150811 22:48_[9072, 7378, 1477, 4177]
20150811 22:49_[5610, 9586, 6382, 3777]
20150811 22:50_[5289, 7858, 1051, 9155]
20150811 22:51_[1547, 1652, 2242, 9592]
20150811 22:52_[7258, 2371, 6079, 8404]
20150811 22:53_[4159, 1271, 7013, 8449]
20150811 22:54_[4267, 1424, 4224, 7678]
20150811 22:55_[4422, 6051, 8797, 1610]
20150811 22:56_[7910, 3518, 6822, 8096]
20150811 22:57_[5867, 7494, 2248, 7954]
20150811 22:58_[5967, 4805, 2006, 9953]
20150811 22:59_[4067, 2852, 6945, 6298]
20150811 23:00_[7420, 9753, 9551, 6422]
20150811 23:01_[8021, 2431, 7669, 9025]
20150811 23:02_[1904, 8841, 5181, 5032]
20150811 23:03_[9162, 7330, 4972, 2281]
20150811 23:04_[3284, 9131, 6278, 5786]
20150811 23:05_[2297, 8907, 4786, 4397]
20150811 23:06_[9972, 4312, 4771, 6304]
20150811 23:07_[4693, 2674, 9514, 6048]
20150811 23:08_[7650, 4661, 2509, 1831]
20150811 23:09_[5237, 3475, 5086, 3751]
20150811 23:10_[2136, 9358, 4042, 9469]
20150811 23:11_[4039, 8138, 2630, 8830]
20150811 23:12_[2102, 1811, 1792, 2598]
20150811 23:13_[2941, 6007, 5557, 6275]
20150811 23:14_[3812, 9030, 5996, 9062]
20150811 23:15_[3004, 6326, 6240, 7515]
20150811 23:16_[7743, 5985, 1158, 7480]
20150811 23:17_[4309, 8027, 9386, 4675]
20150811 23:18_[1780, 6256, 6913, 5608]
20150811 23:19_[1537, 2901, 9381, 4171]
20150811 23:20_[6964, 4023, 9785, 6107]
20150811 23:21_[6109, 6110, 2076, 5037]
20150811 23:22_[3248, 6629, 6794, 1189]
20150811 23:23_[7700, 4735, 4375, 1885]
20150811 23:24_[2308, 6722, 1107, 1461]
20150811 23:25_[6561, 4626, 7358, 4369]
20150811 23:26_[8626, 3827, 5956, 8036]
20150811 23:27_[9628, 2223, 1926, 7014]
20150811 23:28_[8223, 6627, 6434, 7559]
20150811 23:29_[8774, 4488, 3008, 2218]
20150811 23:30_[7990, 2375, 2346, 1895]
20150811 23:31_[4339, 5486, 9706, 9945]
20150811 23:32_[4246, 8884, 6578, 2640]
20150811 23:33_[5643, 1855, 8096, 3850]
20150811 23:34_[7827, 7730, 2525, 1330]
20150811 23:35_[7706, 2762, 6841, 4280]
20150811 23:36_[4384, 2801, 6504, 3334]
20150811 23:37_[6386, 2127, 1243, 4535]
20150811 23:38_[3286, 6507, 2348, 8924]
20150811 23:39_[9322, 8283, 6816, 5314]
20150811 23:40_[3413, 4791, 7567, 5080]
20150811 23:41_[8703, 5521, 1000, 4463]
20150811 23:42_[8857, 7124, 1657, 9248]
20150811 23:43_[7690, 3367, 9319, 1543]
20150811 23:44_[4279, 4632, 2174, 3494]
20150811 23:45_[8762, 8088, 1075, 9189]
20150811 23:46_[4110, 7543, 9898, 8828]
20150811 23:47_[4798, 4685, 7044, 5042]
20150811 23:48_[7035, 1407, 6180, 1185]
20150811 23:49_[6087, 4615, 9525, 8920]
20150811 23:50_[9726, 2109, 3719, 7685]
20150811 23:51_[2913, 8597, 9055, 3833]
20150811 23:52_[7832, 2068, 8313, 8658]
20150811 23:53_[6998, 5949, 4524, 3228]
20150811 23:54_[6204, 2081, 3605, 9186]
20150811 23:55_[6704, 5238, 2751, 6616]
20150811 23:56_[3806, 1594, 9767, 6089]
20150811 23:57_[6511, 7425, 3131, 5059]
20150811 23:58_[8243, 7441, 1347, 7592]
20150811 23:59_[4528, 7378, 8100, 6186]
