20150816 00:00_[2562, 9552, 3516, 3578]
20150816 00:01_[8187, 9289, 3416, 4407]
20150816 00:02_[1583, 6084, 9796, 3803]
20150816 00:03_[9624, 1533, 7211, 5061]
20150816 00:04_[5495, 3212, 9080, 8395]
20150816 00:05_[3942, 7448, 4451, 1161]
20150816 00:06_[8003, 6525, 4503, 3874]
20150816 00:07_[1955, 1051, 1700, 7682]
20150816 00:08_[4672, 5627, 1238, 7639]
20150816 00:09_[5998, 8020, 9868, 3098]
20150816 00:10_[2017, 1078, 4196, 3140]
20150816 00:11_[5844, 5666, 5381, 9566]
20150816 00:12_[9904, 5090, 7382, 7465]
20150816 00:13_[1560, 9005, 9472, 6273]
20150816 00:14_[9073, 5359, 3721, 8734]
20150816 00:15_[4850, 7218, 8245, 7749]
20150816 00:16_[4855, 1130, 9310, 9084]
20150816 00:17_[7382, 6570, 7024, 1888]
20150816 00:18_[4891, 5088, 9113, 7637]
20150816 00:19_[3009, 4404, 6814, 5699]
20150816 00:20_[7144, 7066, 8120, 9961]
20150816 00:21_[3918, 5848, 2045, 8675]
20150816 00:22_[3829, 2303, 4832, 2948]
20150816 00:23_[6843, 9031, 1193, 3880]
20150816 00:24_[4340, 1160, 7635, 2628]
20150816 00:25_[5500, 6175, 4025, 1883]
20150816 00:26_[2275, 3062, 5501, 8330]
20150816 00:27_[6358, 3813, 1790, 7714]
20150816 00:28_[2382, 2699, 2379, 7358]
20150816 00:29_[4173, 7932, 1709, 1278]
20150816 00:30_[2428, 6013, 4227, 9167]
20150816 00:31_[4634, 3925, 2411, 5538]
20150816 00:32_[5909, 7184, 4227, 6074]
20150816 00:33_[4737, 3920, 6604, 3598]
20150816 00:34_[7175, 7441, 4240, 7057]
20150816 00:35_[2902, 4908, 3054, 5067]
20150816 00:36_[7584, 1149, 2259, 4728]
20150816 00:37_[1327, 2506, 8713, 4004]
20150816 00:38_[9351, 8075, 5060, 4963]
20150816 00:39_[8677, 4552, 9099, 6311]
20150816 00:40_[2573, 7670, 8888, 8354]
20150816 00:41_[6952, 2117, 8486, 5636]
20150816 00:42_[8193, 1104, 8827, 6471]
20150816 00:43_[7409, 9523, 8620, 5299]
20150816 00:44_[3281, 7015, 7943, 4229]
20150816 00:45_[9526, 6763, 1947, 5182]
20150816 00:46_[4724, 8079, 4210, 3282]
20150816 00:47_[4469, 7859, 6068, 2897]
20150816 00:48_[4027, 3220, 4824, 9413]
20150816 00:49_[6427, 1152, 1299, 2279]
20150816 00:50_[2079, 6678, 4016, 3033]
20150816 00:51_[8994, 2953, 1553, 7483]
20150816 00:52_[8605, 2877, 5139, 8071]
20150816 00:53_[1238, 1455, 5161, 4942]
20150816 00:54_[5821, 2394, 1074, 8678]
20150816 00:55_[6739, 9250, 3640, 7009]
20150816 00:56_[9440, 7448, 7242, 4130]
20150816 00:57_[7513, 2413, 2765, 8759]
20150816 00:58_[7826, 4844, 7366, 3454]
20150816 00:59_[5683, 7236, 4311, 2755]
20150816 01:00_[8786, 2579, 7158, 9358]
20150816 01:01_[6599, 6548, 3811, 6262]
20150816 01:02_[1990, 3767, 3145, 5405]
20150816 01:03_[6853, 7067, 5481, 1200]
20150816 01:04_[9387, 5387, 7134, 8583]
20150816 01:05_[2096, 9857, 6184, 4409]
20150816 01:06_[4425, 4033, 7639, 7777]
20150816 01:07_[1437, 9041, 2119, 3223]
20150816 01:08_[1975, 4576, 3691, 7077]
20150816 01:09_[9491, 4615, 3222, 2432]
20150816 01:10_[9694, 3972, 6253, 3179]
20150816 01:11_[5134, 6357, 9661, 6736]
20150816 01:12_[6500, 6145, 5472, 3898]
20150816 01:13_[1044, 4938, 7489, 8013]
20150816 01:14_[7980, 4384, 6020, 6319]
20150816 01:15_[1391, 6666, 2485, 8138]
20150816 01:16_[3554, 4281, 9893, 6907]
20150816 01:17_[5725, 4742, 9590, 6671]
20150816 01:18_[5310, 7044, 7999, 5018]
20150816 01:19_[9862, 4803, 4842, 3658]
20150816 01:20_[9323, 8814, 6825, 3704]
20150816 01:21_[5264, 1709, 5259, 4661]
20150816 01:22_[4278, 7417, 4898, 9809]
20150816 01:23_[8593, 7371, 4711, 6642]
20150816 01:24_[6181, 1132, 5832, 8623]
20150816 01:25_[7963, 2885, 7764, 1989]
20150816 01:26_[9291, 6702, 3942, 8605]
20150816 01:27_[3935, 8222, 2310, 1791]
20150816 01:28_[5922, 7802, 4310, 9756]
20150816 01:29_[9530, 8180, 9170, 8172]
20150816 01:30_[6473, 2663, 6352, 5071]
20150816 01:31_[2668, 7071, 4941, 6425]
20150816 01:32_[2217, 6259, 6048, 5701]
20150816 01:33_[8712, 3230, 8891, 7870]
20150816 01:34_[6934, 7788, 7233, 7696]
20150816 01:35_[5009, 2898, 4994, 4743]
20150816 01:36_[4594, 9965, 2777, 7813]
20150816 01:37_[9260, 8142, 8242, 8566]
20150816 01:38_[6736, 4305, 5086, 1785]
20150816 01:39_[8852, 4876, 4756, 9407]
20150816 01:40_[7686, 5402, 2925, 2533]
20150816 01:41_[8799, 1707, 2757, 7436]
20150816 01:42_[9511, 8738, 8888, 7653]
20150816 01:43_[8254, 9238, 4327, 2184]
20150816 01:44_[1959, 4349, 3882, 9591]
20150816 01:45_[9414, 1424, 3381, 6835]
20150816 01:46_[1999, 6792, 4923, 8969]
20150816 01:47_[6658, 6553, 5307, 8059]
20150816 01:48_[5268, 3185, 9841, 2407]
20150816 01:49_[7831, 3914, 3172, 3834]
20150816 01:50_[6279, 3401, 9245, 3563]
20150816 01:51_[6218, 2262, 9939, 5068]
20150816 01:52_[3844, 7790, 1911, 9009]
20150816 01:53_[9347, 2685, 7040, 5170]
20150816 01:54_[5651, 4314, 1277, 3759]
20150816 01:55_[7793, 5455, 5923, 4867]
20150816 01:56_[5597, 9440, 2975, 4297]
20150816 01:57_[6755, 7726, 9879, 8162]
20150816 01:58_[5598, 1334, 8200, 9881]
20150816 01:59_[2328, 3573, 9971, 8710]
20150816 02:00_[1336, 6323, 2973, 8576]
20150816 02:01_[6772, 5706, 6043, 6112]
20150816 02:02_[1486, 7176, 7375, 6643]
20150816 02:03_[6174, 7467, 6330, 6166]
20150816 02:04_[2859, 8320, 2967, 3529]
20150816 02:05_[8977, 2412, 5207, 1452]
20150816 02:06_[4029, 3722, 7210, 4826]
20150816 02:07_[6544, 6412, 4905, 9483]
20150816 02:08_[8594, 5770, 4793, 8018]
20150816 02:09_[8692, 2283, 6572, 6555]
20150816 02:10_[3348, 1628, 2793, 7086]
20150816 02:11_[2393, 9038, 6658, 2707]
20150816 02:12_[1690, 2674, 5002, 5455]
20150816 02:13_[7390, 2691, 4705, 8830]
20150816 02:14_[9917, 9661, 9877, 4730]
20150816 02:15_[2766, 7558, 6269, 3340]
20150816 02:16_[2006, 4744, 7248, 9777]
20150816 02:17_[6688, 5901, 6037, 9017]
20150816 02:18_[7716, 3998, 3220, 1974]
20150816 02:19_[7621, 9460, 7344, 5745]
20150816 02:20_[3247, 1332, 4884, 3037]
20150816 02:21_[5320, 4793, 8931, 9933]
20150816 02:22_[6478, 5652, 1440, 2887]
20150816 02:23_[2531, 9233, 4414, 3057]
20150816 02:24_[7947, 8107, 6808, 4423]
20150816 02:25_[3156, 6871, 8265, 5444]
20150816 02:26_[6827, 4017, 1672, 5973]
20150816 02:27_[3030, 4395, 3222, 2214]
20150816 02:28_[1127, 9484, 4516, 2581]
20150816 02:29_[5024, 6827, 1759, 2972]
20150816 02:30_[7305, 3182, 3607, 2519]
20150816 02:31_[6959, 5823, 3449, 2282]
20150816 02:32_[9496, 1043, 6344, 7242]
20150816 02:33_[6567, 6837, 4180, 1041]
20150816 02:34_[3640, 8902, 6723, 5750]
20150816 02:35_[9204, 1280, 2951, 5652]
20150816 02:36_[7174, 4000, 7672, 2808]
20150816 02:37_[9951, 9088, 4477, 4813]
20150816 02:38_[2310, 4320, 9273, 9016]
20150816 02:39_[8236, 3148, 3062, 5693]
20150816 02:40_[2224, 2152, 4240, 6928]
20150816 02:41_[3914, 9047, 9610, 5479]
20150816 02:42_[1638, 2014, 9901, 2290]
20150816 02:43_[6647, 4455, 6107, 2023]
20150816 02:44_[9873, 5438, 9886, 2669]
20150816 02:45_[3205, 4943, 4530, 4917]
20150816 02:46_[7980, 4160, 7137, 3616]
20150816 02:47_[6301, 7379, 7354, 8465]
20150816 02:48_[3395, 6032, 3375, 5728]
20150816 02:49_[1776, 1132, 9662, 7060]
20150816 02:50_[1170, 9104, 9927, 9358]
20150816 02:51_[1878, 5945, 4632, 6336]
20150816 02:52_[2799, 6868, 1525, 9392]
20150816 02:53_[7057, 6046, 5222, 2735]
20150816 02:54_[9243, 6883, 6288, 8013]
20150816 02:55_[3041, 8909, 9522, 3408]
20150816 02:56_[8489, 3293, 5273, 6111]
20150816 02:57_[7053, 5186, 1071, 8704]
20150816 02:58_[5399, 7008, 6987, 3343]
20150816 02:59_[6533, 8921, 5153, 6005]
20150816 03:00_[9976, 4460, 1674, 8704]
20150816 03:01_[3535, 8337, 8761, 3471]
20150816 03:02_[3299, 5767, 1493, 9014]
20150816 03:03_[6842, 5839, 7019, 5883]
20150816 03:04_[2153, 2413, 9368, 2808]
20150816 03:05_[5305, 9492, 4766, 6442]
20150816 03:06_[9066, 4507, 5881, 2710]
20150816 03:07_[6857, 7733, 5950, 7798]
20150816 03:08_[3677, 9759, 9118, 4527]
20150816 03:09_[8277, 9637, 2023, 9418]
20150816 03:10_[7473, 2946, 6845, 1183]
20150816 03:11_[9417, 1601, 4833, 8479]
20150816 03:12_[7017, 7787, 2117, 4843]
20150816 03:13_[3428, 7875, 8605, 5607]
20150816 03:14_[9976, 6824, 2513, 1856]
20150816 03:15_[1725, 4272, 6258, 1999]
20150816 03:16_[9089, 7086, 4237, 6243]
20150816 03:17_[4571, 1101, 6840, 2791]
20150816 03:18_[6040, 2436, 3688, 2104]
20150816 03:19_[4436, 8175, 6996, 8081]
20150816 03:20_[5014, 3005, 6308, 5673]
20150816 03:21_[6530, 2169, 7698, 8005]
20150816 03:22_[2996, 8961, 4016, 2150]
20150816 03:23_[8990, 4175, 6117, 5684]
20150816 03:24_[8132, 6077, 3933, 8847]
20150816 03:25_[6688, 2173, 1546, 6555]
20150816 03:26_[4709, 7881, 7029, 4430]
20150816 03:27_[2047, 1773, 3074, 7196]
20150816 03:28_[3046, 6343, 1981, 6379]
20150816 03:29_[1105, 8166, 5519, 8436]
20150816 03:30_[6560, 8130, 9538, 5367]
20150816 03:31_[4363, 4063, 5438, 2687]
20150816 03:32_[1967, 2297, 5181, 5346]
20150816 03:33_[9427, 3434, 9225, 9340]
20150816 03:34_[5337, 1746, 5277, 8340]
20150816 03:35_[9605, 3389, 7173, 6029]
20150816 03:36_[5108, 1054, 1872, 6968]
20150816 03:37_[1394, 7283, 7092, 6963]
20150816 03:38_[3627, 3735, 3564, 4393]
20150816 03:39_[2054, 9810, 4403, 7232]
20150816 03:40_[3667, 8840, 9547, 2233]
20150816 03:41_[4322, 4023, 1903, 3228]
20150816 03:42_[8489, 2122, 9838, 9834]
20150816 03:43_[3483, 1997, 5447, 7852]
20150816 03:44_[1394, 4085, 7511, 6753]
20150816 03:45_[9779, 3458, 6793, 3423]
20150816 03:46_[7557, 7783, 7417, 6224]
20150816 03:47_[1101, 8119, 4282, 4585]
20150816 03:48_[7414, 4689, 3053, 6694]
20150816 03:49_[3981, 5068, 8324, 2628]
20150816 03:50_[5283, 2818, 4008, 5891]
20150816 03:51_[3924, 6367, 6387, 4164]
20150816 03:52_[4011, 4954, 7531, 2998]
20150816 03:53_[3357, 9240, 7238, 6680]
20150816 03:54_[6439, 4934, 5140, 6187]
20150816 03:55_[4163, 9057, 5491, 1702]
20150816 03:56_[4636, 7669, 6258, 4737]
20150816 03:57_[4173, 9711, 9157, 5621]
20150816 03:58_[9552, 7492, 7217, 2435]
20150816 03:59_[9008, 6732, 7993, 4545]
20150816 04:00_[8372, 7484, 5905, 6710]
20150816 04:01_[3506, 4130, 9909, 8324]
20150816 04:02_[5702, 3285, 1865, 8365]
20150816 04:03_[2033, 4976, 5858, 8995]
20150816 04:04_[7961, 2577, 1617, 2426]
20150816 04:05_[6338, 3701, 6669, 5035]
20150816 04:06_[3717, 1592, 5985, 2486]
20150816 04:07_[1261, 4535, 5833, 2447]
20150816 04:08_[7680, 8100, 2821, 1164]
20150816 04:09_[5707, 4429, 4968, 9529]
20150816 04:10_[5094, 4134, 2585, 2883]
20150816 04:11_[4945, 4325, 5883, 3159]
20150816 04:12_[3729, 9628, 5664, 9818]
20150816 04:13_[8119, 4648, 6470, 6618]
20150816 04:14_[2293, 5930, 5881, 2179]
20150816 04:15_[5944, 2437, 5309, 3091]
20150816 04:16_[3126, 4762, 4585, 3111]
20150816 04:17_[1638, 8501, 5760, 8922]
20150816 04:18_[2197, 2186, 2250, 5312]
20150816 04:19_[6974, 9416, 8584, 8904]
20150816 04:20_[9596, 2225, 3434, 8865]
20150816 04:21_[5007, 6616, 1487, 8030]
20150816 04:22_[5456, 5772, 1737, 9400]
20150816 04:23_[2800, 3313, 2068, 2472]
20150816 04:24_[4497, 5136, 3700, 7756]
20150816 04:25_[7616, 6662, 3328, 6413]
20150816 04:26_[1869, 5903, 8605, 6787]
20150816 04:27_[2945, 7602, 3786, 8791]
20150816 04:28_[4358, 1834, 2489, 6849]
20150816 04:29_[3923, 3157, 5776, 5765]
20150816 04:30_[6317, 6082, 4348, 5531]
20150816 04:31_[9084, 9023, 6998, 9854]
20150816 04:32_[6453, 2829, 1107, 6799]
20150816 04:33_[1498, 5441, 3826, 3818]
20150816 04:34_[5936, 8146, 4900, 9859]
20150816 04:35_[5625, 1764, 4557, 6099]
20150816 04:36_[1357, 4444, 1140, 9774]
20150816 04:37_[3380, 1009, 7115, 5982]
20150816 04:38_[4864, 6591, 3955, 2803]
20150816 04:39_[8682, 2345, 4644, 2293]
20150816 04:40_[3997, 9914, 8401, 2057]
20150816 04:41_[1566, 4747, 8861, 4231]
20150816 04:42_[1408, 6243, 3010, 5933]
20150816 04:43_[6911, 2020, 9741, 5824]
20150816 04:44_[8507, 2580, 9573, 1926]
20150816 04:45_[3095, 9583, 2835, 7411]
20150816 04:46_[4685, 5223, 9108, 9951]
20150816 04:47_[6920, 8131, 2409, 1150]
20150816 04:48_[8399, 6628, 6129, 9917]
20150816 04:49_[1768, 8114, 1697, 7701]
20150816 04:50_[8344, 6555, 2426, 1668]
20150816 04:51_[8917, 2693, 8063, 6629]
20150816 04:52_[2262, 4125, 9564, 8673]
20150816 04:53_[7083, 3884, 9221, 1274]
20150816 04:54_[5543, 1351, 4750, 6060]
20150816 04:55_[5457, 4734, 2455, 2356]
20150816 04:56_[3360, 2111, 8471, 7024]
20150816 04:57_[7328, 4690, 3018, 3015]
20150816 04:58_[6023, 2996, 2643, 4459]
20150816 04:59_[4364, 7731, 5310, 7861]
20150816 05:00_[5764, 8364, 1725, 6439]
20150816 05:01_[2269, 6509, 5655, 8946]
20150816 05:02_[4972, 5501, 5838, 2435]
20150816 05:03_[5598, 6876, 7115, 5178]
20150816 05:04_[9519, 4871, 6983, 1374]
20150816 05:05_[8061, 7758, 8211, 6367]
20150816 05:06_[2131, 4900, 2796, 2255]
20150816 05:07_[2704, 1974, 9610, 1639]
20150816 05:08_[9631, 8748, 7765, 6733]
20150816 05:09_[1312, 7291, 9627, 1835]
20150816 05:10_[1748, 8035, 5353, 4413]
20150816 05:11_[3692, 7501, 1358, 8446]
20150816 05:12_[6430, 9980, 8498, 2368]
20150816 05:13_[9004, 9477, 3780, 4082]
20150816 05:14_[6503, 2103, 4274, 7626]
20150816 05:15_[2430, 5390, 8265, 6368]
20150816 05:16_[1858, 9405, 3002, 4265]
20150816 05:17_[7082, 8490, 3991, 7510]
20150816 05:18_[5928, 2651, 7059, 3926]
20150816 05:19_[4102, 9131, 7430, 8602]
20150816 05:20_[4195, 3794, 6757, 6342]
20150816 05:21_[2188, 4611, 6456, 3701]
20150816 05:22_[8940, 4850, 7377, 1531]
20150816 05:23_[3663, 4944, 3375, 7881]
20150816 05:24_[7469, 9560, 8044, 4019]
20150816 05:25_[5596, 4711, 7560, 9213]
20150816 05:26_[2025, 6863, 7620, 8017]
20150816 05:27_[8437, 4690, 2148, 7237]
20150816 05:28_[8632, 3179, 8970, 8799]
20150816 05:29_[6967, 6160, 3451, 3702]
20150816 05:30_[6250, 2741, 4300, 5414]
20150816 05:31_[8446, 2281, 5592, 5308]
20150816 05:32_[7888, 8821, 2231, 1855]
20150816 05:33_[6008, 7718, 4606, 4179]
20150816 05:34_[5979, 5850, 8113, 2332]
20150816 05:35_[7905, 7039, 5258, 5969]
20150816 05:36_[2825, 1446, 6942, 8166]
20150816 05:37_[1940, 6538, 9535, 7493]
20150816 05:38_[6020, 4059, 9812, 7719]
20150816 05:39_[9579, 6921, 4830, 6333]
20150816 05:40_[1903, 3238, 9424, 4196]
20150816 05:41_[8241, 8169, 4474, 4203]
20150816 05:42_[2188, 8562, 7414, 7135]
20150816 05:43_[3064, 8486, 3547, 9121]
20150816 05:44_[2796, 8499, 5748, 8224]
20150816 05:45_[3815, 2911, 2707, 3726]
20150816 05:46_[1471, 2372, 3768, 9667]
20150816 05:47_[2446, 8640, 5441, 4579]
20150816 05:48_[6096, 5160, 4469, 1203]
20150816 05:49_[7498, 8967, 7065, 3418]
20150816 05:50_[3581, 1607, 2970, 5655]
20150816 05:51_[5181, 2323, 4116, 8844]
20150816 05:52_[7649, 5851, 7990, 4548]
20150816 05:53_[2984, 9693, 7885, 9334]
20150816 05:54_[1501, 8157, 6154, 7140]
20150816 05:55_[8808, 7175, 9137, 7721]
20150816 05:56_[5559, 1539, 8350, 1150]
20150816 05:57_[3644, 2566, 6461, 2805]
20150816 05:58_[6805, 8726, 6673, 7195]
20150816 05:59_[4384, 5573, 4087, 6424]
20150816 06:00_[8813, 4686, 4738, 9201]
20150816 06:01_[1610, 2679, 4727, 3160]
20150816 06:02_[5418, 2448, 2452, 8113]
20150816 06:03_[8434, 3719, 8449, 4707]
20150816 06:04_[2028, 3825, 7284, 6320]
20150816 06:05_[5090, 5614, 7816, 7567]
20150816 06:06_[3544, 9205, 5139, 7457]
20150816 06:07_[8753, 9152, 1170, 4734]
20150816 06:08_[3201, 4935, 8357, 8212]
20150816 06:09_[1267, 6341, 3924, 5965]
20150816 06:10_[4056, 4782, 7338, 4071]
20150816 06:11_[8817, 9059, 2828, 1550]
20150816 06:12_[1694, 5395, 1519, 3664]
20150816 06:13_[6943, 8618, 2188, 1679]
20150816 06:14_[6071, 9763, 5620, 4342]
20150816 06:15_[6932, 3578, 4617, 5910]
20150816 06:16_[4400, 9226, 2723, 6408]
20150816 06:17_[2443, 8491, 7745, 4800]
20150816 06:18_[4015, 5736, 9429, 9454]
20150816 06:19_[1746, 6362, 7108, 4442]
20150816 06:20_[9707, 9907, 5835, 4093]
20150816 06:21_[7865, 5458, 3722, 8011]
20150816 06:22_[1152, 4957, 1655, 3323]
20150816 06:23_[7332, 7266, 9751, 2153]
20150816 06:24_[1321, 9901, 9633, 8224]
20150816 06:25_[6921, 4801, 6918, 3388]
20150816 06:26_[4613, 5914, 2450, 1451]
20150816 06:27_[6097, 5232, 7443, 6564]
20150816 06:28_[8219, 8273, 5115, 5962]
20150816 06:29_[4960, 4137, 5015, 5028]
20150816 06:30_[8623, 2121, 6183, 3221]
20150816 06:31_[9811, 2503, 9549, 9252]
20150816 06:32_[4109, 9136, 9491, 7932]
20150816 06:33_[3435, 4010, 9134, 1920]
20150816 06:34_[4629, 3468, 2986, 3363]
20150816 06:35_[8460, 3061, 1997, 9086]
20150816 06:36_[8634, 6199, 7107, 4914]
20150816 06:37_[7860, 9993, 2077, 4994]
20150816 06:38_[2981, 8223, 2564, 6348]
20150816 06:39_[1421, 3225, 6513, 8543]
20150816 06:40_[3373, 7493, 3484, 4516]
20150816 06:41_[2799, 7534, 7416, 9242]
20150816 06:42_[9733, 5331, 6312, 3562]
20150816 06:43_[1187, 9673, 6136, 8802]
20150816 06:44_[9264, 3526, 3889, 6300]
20150816 06:45_[8082, 7493, 1908, 8177]
20150816 06:46_[2586, 4371, 2810, 7226]
20150816 06:47_[9988, 9009, 8664, 5395]
20150816 06:48_[1703, 5072, 5442, 7884]
20150816 06:49_[8558, 3588, 3462, 5299]
20150816 06:50_[5408, 5620, 1133, 5540]
20150816 06:51_[7737, 7657, 1647, 9005]
20150816 06:52_[9779, 5432, 8321, 3737]
20150816 06:53_[9067, 8694, 1933, 2943]
20150816 06:54_[2976, 2247, 6332, 3701]
20150816 06:55_[1890, 1332, 2034, 1701]
20150816 06:56_[3304, 3046, 5416, 7394]
20150816 06:57_[9938, 2339, 6488, 2247]
20150816 06:58_[9190, 4071, 3475, 1685]
20150816 06:59_[3547, 9603, 3403, 2797]
20150816 07:00_[8525, 4866, 7872, 2554]
20150816 07:01_[7537, 4151, 5389, 7652]
20150816 07:02_[8121, 4627, 2678, 5275]
20150816 07:03_[8163, 4408, 5091, 1777]
20150816 07:04_[6454, 3183, 8946, 2943]
20150816 07:05_[3070, 7171, 8972, 4953]
20150816 07:06_[5653, 3388, 4467, 3068]
20150816 07:07_[9924, 7196, 9593, 9453]
20150816 07:08_[2003, 4051, 1711, 2465]
20150816 07:09_[9873, 1268, 3112, 6267]
20150816 07:10_[9710, 1219, 3079, 4372]
20150816 07:11_[7298, 5707, 5848, 1316]
20150816 07:12_[6792, 1369, 3058, 3742]
20150816 07:13_[1991, 8599, 7659, 3665]
20150816 07:14_[3134, 1839, 5143, 9780]
20150816 07:15_[3220, 7145, 6860, 7088]
20150816 07:16_[1936, 9546, 8339, 2122]
20150816 07:17_[5653, 1365, 5319, 8098]
20150816 07:18_[3330, 7403, 4058, 6806]
20150816 07:19_[1251, 1665, 4208, 8492]
20150816 07:20_[7391, 5557, 5938, 6711]
20150816 07:21_[6538, 9447, 2817, 4013]
20150816 07:22_[6511, 7902, 2354, 9592]
20150816 07:23_[9513, 4408, 8797, 6153]
20150816 07:24_[8544, 4713, 3692, 6387]
20150816 07:25_[3763, 8443, 4703, 7194]
20150816 07:26_[6062, 7660, 4878, 7741]
20150816 07:27_[2122, 9750, 4640, 2218]
20150816 07:28_[1729, 3315, 9364, 3090]
20150816 07:29_[2051, 8653, 2213, 4233]
20150816 07:30_[1691, 6382, 1504, 4784]
20150816 07:31_[2416, 7388, 3785, 2078]
20150816 07:32_[5872, 8582, 4608, 4472]
20150816 07:33_[9210, 8414, 9809, 9933]
20150816 07:34_[3208, 6688, 1054, 7089]
20150816 07:35_[4474, 2646, 1032, 4383]
20150816 07:36_[1494, 3989, 5821, 9177]
20150816 07:37_[6433, 2808, 5415, 2643]
20150816 07:38_[1022, 9794, 4341, 3084]
20150816 07:39_[1095, 5594, 6436, 8735]
20150816 07:40_[8763, 1335, 6538, 7376]
20150816 07:41_[8690, 1094, 7664, 8089]
20150816 07:42_[4244, 6007, 5386, 3367]
20150816 07:43_[3208, 7887, 2094, 3054]
20150816 07:44_[9777, 8421, 4517, 2709]
20150816 07:45_[4485, 1129, 2521, 6382]
20150816 07:46_[8593, 7876, 5235, 2347]
20150816 07:47_[1204, 4119, 2005, 6158]
20150816 07:48_[7111, 2758, 6607, 8460]
20150816 07:49_[8782, 3943, 1109, 3424]
20150816 07:50_[7541, 6965, 3510, 8695]
20150816 07:51_[9035, 4913, 8988, 3025]
20150816 07:52_[2872, 7289, 1411, 3598]
20150816 07:53_[3472, 4956, 4147, 2093]
20150816 07:54_[5955, 2054, 6156, 1929]
20150816 07:55_[2874, 8236, 7803, 1843]
20150816 07:56_[7471, 1443, 7161, 7579]
20150816 07:57_[8043, 9119, 6520, 3171]
20150816 07:58_[3182, 6224, 8894, 6965]
20150816 07:59_[9655, 9240, 9916, 1260]
20150816 08:00_[1564, 6538, 7638, 1980]
20150816 08:01_[3248, 5118, 6645, 6788]
20150816 08:02_[2429, 7419, 6435, 2210]
20150816 08:03_[8521, 8251, 3883, 7334]
20150816 08:04_[3080, 7641, 9893, 7046]
20150816 08:05_[5815, 9527, 1747, 6396]
20150816 08:06_[2954, 4812, 3508, 8986]
20150816 08:07_[8101, 2553, 3320, 1122]
20150816 08:08_[4537, 6861, 2566, 8415]
20150816 08:09_[5406, 9305, 6212, 9051]
20150816 08:10_[9400, 6708, 2788, 1786]
20150816 08:11_[2123, 2236, 5541, 6734]
20150816 08:12_[7707, 9627, 2136, 5834]
20150816 08:13_[4672, 8211, 5183, 6285]
20150816 08:14_[9011, 8005, 3201, 6013]
20150816 08:15_[3764, 6869, 3326, 9483]
20150816 08:16_[9893, 3504, 2210, 9970]
20150816 08:17_[9842, 4375, 5889, 8038]
20150816 08:18_[2729, 8171, 9234, 1088]
20150816 08:19_[7593, 1263, 5023, 3544]
20150816 08:20_[8524, 6211, 1117, 2688]
20150816 08:21_[7578, 1629, 4127, 1399]
20150816 08:22_[2514, 8565, 8259, 2667]
20150816 08:23_[5761, 1068, 9947, 6259]
20150816 08:24_[6600, 9544, 2927, 7055]
20150816 08:25_[5733, 1497, 9030, 4224]
20150816 08:26_[1512, 2368, 1382, 8336]
20150816 08:27_[6938, 6207, 5838, 8739]
20150816 08:28_[1525, 2575, 5297, 1057]
20150816 08:29_[3898, 8289, 2289, 9898]
20150816 08:30_[1605, 6986, 4222, 7508]
20150816 08:31_[5257, 8356, 6394, 4234]
20150816 08:32_[7766, 9281, 2322, 7449]
20150816 08:33_[1786, 3168, 4762, 8669]
20150816 08:34_[7742, 1237, 2274, 7119]
20150816 08:35_[1704, 2357, 6334, 8305]
20150816 08:36_[8698, 8472, 2860, 6516]
20150816 08:37_[6908, 6774, 6163, 7431]
20150816 08:38_[6110, 3315, 2667, 1378]
20150816 08:39_[6801, 1907, 1998, 6560]
20150816 08:40_[3475, 7505, 8659, 4050]
20150816 08:41_[8933, 3528, 9995, 4900]
20150816 08:42_[4245, 1478, 6663, 7417]
20150816 08:43_[6719, 2976, 2498, 1183]
20150816 08:44_[2501, 7023, 3275, 2475]
20150816 08:45_[4986, 7214, 6218, 2303]
20150816 08:46_[2344, 8881, 1181, 9127]
20150816 08:47_[8513, 2865, 9831, 4838]
20150816 08:48_[9055, 3328, 6219, 4820]
20150816 08:49_[8459, 7214, 3522, 9735]
20150816 08:50_[3365, 7260, 9059, 1927]
20150816 08:51_[9862, 6646, 3528, 7085]
20150816 08:52_[8703, 9206, 6768, 7425]
20150816 08:53_[6823, 3608, 7929, 1282]
20150816 08:54_[9507, 8610, 2084, 4886]
20150816 08:55_[1397, 7960, 8630, 1420]
20150816 08:56_[8838, 6245, 1521, 8705]
20150816 08:57_[4284, 4335, 7334, 9400]
20150816 08:58_[4144, 4258, 2151, 7076]
20150816 08:59_[8525, 5595, 2667, 3851]
20150816 09:00_[6874, 8670, 3927, 3703]
20150816 09:01_[7742, 8945, 2176, 7984]
20150816 09:02_[2154, 9900, 8465, 7230]
20150816 09:03_[6524, 5492, 2382, 9673]
20150816 09:04_[5662, 8162, 2086, 1688]
20150816 09:05_[5302, 6041, 9935, 8265]
20150816 09:06_[7799, 2037, 6708, 5965]
20150816 09:07_[1626, 2754, 4704, 1740]
20150816 09:08_[8831, 7384, 1401, 9217]
20150816 09:09_[5418, 8213, 5883, 8884]
20150816 09:10_[6657, 7861, 3365, 7745]
20150816 09:11_[7120, 1369, 3970, 7306]
20150816 09:12_[5721, 3980, 6878, 3963]
20150816 09:13_[9823, 9632, 4974, 3879]
20150816 09:14_[8457, 5646, 8334, 5755]
20150816 09:15_[9100, 3096, 2523, 5406]
20150816 09:16_[7225, 4668, 2217, 2421]
20150816 09:17_[5357, 3159, 3826, 2458]
20150816 09:18_[3008, 9205, 5078, 6671]
20150816 09:19_[2464, 8554, 8171, 8104]
20150816 09:20_[9254, 5276, 2492, 6691]
20150816 09:21_[1733, 7783, 1967, 5351]
20150816 09:22_[4142, 9713, 3227, 1346]
20150816 09:23_[4162, 3085, 7000, 6204]
20150816 09:24_[6835, 1636, 8167, 3725]
20150816 09:25_[4780, 4113, 2343, 7593]
20150816 09:26_[3993, 5845, 8436, 2853]
20150816 09:27_[4747, 7585, 5786, 3366]
20150816 09:28_[9905, 1847, 1546, 3305]
20150816 09:29_[5332, 9517, 6098, 5350]
20150816 09:30_[3276, 5682, 7635, 8537]
20150816 09:31_[7950, 4573, 7963, 7213]
20150816 09:32_[7618, 6674, 8221, 4155]
20150816 09:33_[9545, 7443, 8960, 6303]
20150816 09:34_[6762, 6624, 6387, 8335]
20150816 09:35_[9754, 7949, 2814, 1867]
20150816 09:36_[3770, 3068, 7637, 3942]
20150816 09:37_[5686, 4740, 4515, 2041]
20150816 09:38_[3058, 4268, 9984, 3042]
20150816 09:39_[7625, 4612, 3853, 1637]
20150816 09:40_[2805, 2371, 6872, 2424]
20150816 09:41_[2028, 1539, 8300, 8721]
20150816 09:42_[9786, 2754, 9333, 2925]
20150816 09:43_[2925, 9437, 8916, 2895]
20150816 09:44_[7499, 6562, 1379, 9033]
20150816 09:45_[8261, 6895, 9883, 7366]
20150816 09:46_[6088, 8723, 3935, 1219]
20150816 09:47_[4759, 1127, 2145, 6423]
20150816 09:48_[6299, 1666, 9521, 8519]
20150816 09:49_[6623, 8280, 6951, 3680]
20150816 09:50_[3956, 5836, 2712, 8307]
20150816 09:51_[6684, 8507, 4014, 1166]
20150816 09:52_[1469, 1188, 1780, 7374]
20150816 09:53_[6622, 4973, 8600, 7431]
20150816 09:54_[1085, 2599, 5037, 3463]
20150816 09:55_[3506, 4852, 1456, 4295]
20150816 09:56_[5548, 7771, 3666, 8677]
20150816 09:57_[8972, 7195, 4490, 4095]
20150816 09:58_[8007, 9020, 1342, 2837]
20150816 09:59_[5449, 1533, 3106, 5412]
20150816 10:00_[5373, 6756, 6131, 2019]
20150816 10:01_[6482, 5071, 2518, 3909]
20150816 10:02_[8529, 2508, 1454, 5355]
20150816 10:03_[3228, 7924, 2277, 9455]
20150816 10:04_[1457, 4662, 9017, 8769]
20150816 10:05_[2203, 4815, 7300, 6793]
20150816 10:06_[3536, 6636, 4757, 4882]
20150816 10:07_[7475, 2700, 1387, 1684]
20150816 10:08_[8131, 4677, 5594, 2671]
20150816 10:09_[3245, 4581, 6179, 7439]
20150816 10:10_[6513, 8265, 7102, 5268]
20150816 10:11_[6789, 2101, 9219, 7635]
20150816 10:12_[8865, 3726, 3738, 4989]
20150816 10:13_[4794, 7305, 9045, 2340]
20150816 10:14_[7821, 8982, 3742, 4390]
20150816 10:15_[1948, 9106, 2193, 8646]
20150816 10:16_[8262, 4289, 6523, 5296]
20150816 10:17_[2074, 4051, 5835, 8559]
20150816 10:18_[8413, 3281, 7707, 4713]
20150816 10:19_[6731, 4853, 9838, 5056]
20150816 10:20_[6697, 2587, 6741, 1212]
20150816 10:21_[8819, 1105, 5365, 9060]
20150816 10:22_[3721, 5601, 7813, 5123]
20150816 10:23_[7979, 9600, 3921, 4278]
20150816 10:24_[9454, 3653, 3754, 5838]
20150816 10:25_[9728, 8926, 7732, 1917]
20150816 10:26_[3555, 7446, 1884, 2527]
20150816 10:27_[2455, 8471, 2115, 3982]
20150816 10:28_[4652, 9494, 5517, 9589]
20150816 10:29_[4914, 6560, 4638, 2591]
20150816 10:30_[2080, 3017, 8341, 7650]
20150816 10:31_[7701, 8949, 6776, 1704]
20150816 10:32_[1175, 5961, 8736, 9420]
20150816 10:33_[1770, 6225, 7904, 9921]
20150816 10:34_[2502, 1279, 9769, 4880]
20150816 10:35_[6772, 8098, 3297, 8080]
20150816 10:36_[9113, 1880, 6346, 6170]
20150816 10:37_[7891, 5047, 8049, 8471]
20150816 10:38_[2979, 3176, 9605, 8226]
20150816 10:39_[4671, 6794, 5684, 9140]
20150816 10:40_[6520, 4090, 2584, 1701]
20150816 10:41_[2851, 6091, 1687, 7922]
20150816 10:42_[7993, 2245, 8557, 4790]
20150816 10:43_[2379, 2701, 8989, 2317]
20150816 10:44_[4973, 8865, 6552, 6318]
20150816 10:45_[2326, 9550, 3915, 7501]
20150816 10:46_[4595, 7530, 3516, 7942]
20150816 10:47_[1788, 7463, 6367, 3068]
20150816 10:48_[7418, 5050, 3516, 2320]
20150816 10:49_[4763, 5388, 6829, 3432]
20150816 10:50_[6510, 3865, 8842, 6252]
20150816 10:51_[1480, 8800, 8870, 9694]
20150816 10:52_[3637, 9974, 3750, 7827]
20150816 10:53_[2267, 7451, 9313, 4353]
20150816 10:54_[4153, 7225, 6011, 6835]
20150816 10:55_[3006, 1460, 9019, 4758]
20150816 10:56_[1177, 2562, 6037, 8597]
20150816 10:57_[2043, 3223, 5192, 8017]
20150816 10:58_[8648, 1204, 3170, 2481]
20150816 10:59_[8912, 6532, 1246, 9019]
20150816 11:00_[2356, 4473, 4200, 5279]
20150816 11:01_[2336, 5813, 8960, 4875]
20150816 11:02_[8299, 2147, 7223, 5273]
20150816 11:03_[2341, 1816, 8367, 5933]
20150816 11:04_[6842, 8644, 2930, 7445]
20150816 11:05_[9026, 3901, 1537, 5072]
20150816 11:06_[4362, 8551, 5694, 9192]
20150816 11:07_[2918, 1742, 7386, 3365]
20150816 11:08_[4316, 4332, 2224, 7115]
20150816 11:09_[9637, 7323, 1781, 4356]
20150816 11:10_[8152, 7809, 6003, 2559]
20150816 11:11_[4169, 7438, 3249, 2451]
20150816 11:12_[8515, 7087, 7561, 5863]
20150816 11:13_[1938, 5619, 4423, 3992]
20150816 11:14_[6814, 4126, 6685, 1693]
20150816 11:15_[8537, 4775, 7491, 5810]
20150816 11:16_[2633, 5154, 2205, 6231]
20150816 11:17_[6952, 2849, 7206, 9748]
20150816 11:18_[8110, 8760, 5285, 9614]
20150816 11:19_[9664, 5976, 2163, 9671]
20150816 11:20_[6943, 3183, 5811, 1670]
20150816 11:21_[2036, 7980, 2079, 3680]
20150816 11:22_[4101, 1283, 7000, 1982]
20150816 11:23_[5961, 2286, 4867, 8732]
20150816 11:24_[9886, 4738, 4552, 6442]
20150816 11:25_[6360, 3483, 6089, 2742]
20150816 11:26_[5576, 4043, 3729, 7951]
20150816 11:27_[7781, 9983, 7844, 5028]
20150816 11:28_[6309, 9288, 1300, 8678]
20150816 11:29_[1921, 7725, 7042, 7698]
20150816 11:30_[8576, 3966, 5765, 7643]
20150816 11:31_[3296, 6697, 7346, 6344]
20150816 11:32_[5251, 2752, 8244, 8492]
20150816 11:33_[8250, 8551, 8773, 5437]
20150816 11:34_[5000, 1197, 4183, 1457]
20150816 11:35_[3594, 9423, 8901, 6349]
20150816 11:36_[7116, 5751, 5953, 8570]
20150816 11:37_[6342, 3592, 2447, 2704]
20150816 11:38_[2506, 9046, 3531, 7029]
20150816 11:39_[9318, 6423, 9447, 3197]
20150816 11:40_[4835, 7343, 6898, 4473]
20150816 11:41_[4126, 6100, 8307, 1151]
20150816 11:42_[8424, 6422, 7563, 4658]
20150816 11:43_[6846, 9225, 6073, 5405]
20150816 11:44_[6403, 2151, 9083, 2903]
20150816 11:45_[8417, 4384, 8466, 9235]
20150816 11:46_[9807, 3295, 1160, 7661]
20150816 11:47_[8095, 5225, 1662, 2777]
20150816 11:48_[5989, 1755, 5378, 9557]
20150816 11:49_[3640, 3540, 4105, 4481]
20150816 11:50_[3463, 6054, 7228, 1481]
20150816 11:51_[6596, 3454, 5684, 1615]
20150816 11:52_[5520, 2779, 5662, 4000]
20150816 11:53_[9624, 8932, 1675, 4445]
20150816 11:54_[5755, 9317, 7706, 1892]
20150816 11:55_[9765, 8889, 2188, 7147]
20150816 11:56_[5382, 3700, 5482, 7978]
20150816 11:57_[2209, 5327, 4938, 3335]
20150816 11:58_[5589, 7964, 9011, 7106]
20150816 11:59_[4961, 6576, 6270, 3370]
20150816 12:00_[9440, 9155, 4945, 1177]
20150816 12:01_[8667, 9417, 7371, 5177]
20150816 12:02_[8987, 8459, 8757, 2268]
20150816 12:03_[7147, 1146, 8405, 6737]
20150816 12:04_[8626, 7744, 8742, 7867]
20150816 12:05_[7698, 3274, 3152, 4243]
20150816 12:06_[5234, 6986, 7684, 2900]
20150816 12:07_[6951, 5350, 4181, 7506]
20150816 12:08_[7271, 2386, 6421, 4318]
20150816 12:09_[6691, 2553, 3810, 8262]
20150816 12:10_[4059, 4326, 8243, 4164]
20150816 12:11_[3980, 8120, 9468, 6006]
20150816 12:12_[7140, 7125, 2654, 6592]
20150816 12:13_[2122, 3057, 4592, 5072]
20150816 12:14_[5610, 4253, 5706, 5669]
20150816 12:15_[2151, 5844, 3195, 1130]
20150816 12:16_[7282, 2771, 3762, 9037]
20150816 12:17_[8339, 5683, 5204, 9733]
20150816 12:18_[9318, 3440, 9326, 8986]
20150816 12:19_[2807, 8273, 9884, 2955]
20150816 12:20_[1560, 4209, 3092, 2137]
20150816 12:21_[7290, 2667, 6028, 9334]
20150816 12:22_[5169, 6555, 2983, 3502]
20150816 12:23_[9616, 8104, 9426, 7095]
20150816 12:24_[7209, 8310, 9465, 3821]
20150816 12:25_[9852, 6438, 3143, 8998]
20150816 12:26_[5954, 2054, 1356, 5160]
20150816 12:27_[1384, 5058, 4633, 1301]
20150816 12:28_[2495, 9720, 9191, 8132]
20150816 12:29_[9323, 3721, 1404, 6106]
20150816 12:30_[7241, 4386, 2187, 9515]
20150816 12:31_[4703, 4266, 6168, 9423]
20150816 12:32_[6738, 1305, 9859, 6992]
20150816 12:33_[7455, 8764, 3441, 5475]
20150816 12:34_[4957, 2420, 5788, 8083]
20150816 12:35_[4696, 9411, 5411, 7667]
20150816 12:36_[2906, 7114, 7696, 7881]
20150816 12:37_[1526, 7471, 5028, 5599]
20150816 12:38_[7590, 3766, 5782, 3241]
20150816 12:39_[6637, 8588, 8341, 7540]
20150816 12:40_[8328, 6349, 5211, 9744]
20150816 12:41_[7824, 5713, 4672, 1220]
20150816 12:42_[7468, 2896, 6067, 6779]
20150816 12:43_[6834, 3365, 4767, 2776]
20150816 12:44_[7760, 1378, 1025, 6271]
20150816 12:45_[2375, 4063, 2837, 3234]
20150816 12:46_[4922, 1586, 2128, 1263]
20150816 12:47_[1227, 7415, 1506, 4708]
20150816 12:48_[9620, 4279, 2523, 6634]
20150816 12:49_[8359, 8942, 9862, 8185]
20150816 12:50_[5121, 2013, 7214, 7821]
20150816 12:51_[7920, 9855, 4700, 3017]
20150816 12:52_[8963, 2360, 2310, 5945]
20150816 12:53_[7668, 5861, 8724, 2896]
20150816 12:54_[7527, 1995, 6068, 4821]
20150816 12:55_[6402, 9721, 7736, 1079]
20150816 12:56_[5438, 3887, 6560, 2180]
20150816 12:57_[7474, 2288, 2690, 7754]
20150816 12:58_[4359, 3368, 5732, 9456]
20150816 12:59_[4922, 1135, 6640, 2777]
20150816 13:00_[7852, 3186, 1431, 1472]
20150816 13:01_[1011, 9893, 1643, 6567]
20150816 13:02_[2921, 3612, 5840, 5478]
20150816 13:03_[8689, 6404, 5975, 6378]
20150816 13:04_[5826, 2071, 1297, 9414]
20150816 13:05_[9993, 1249, 5485, 6668]
20150816 13:06_[3525, 5286, 7777, 3995]
20150816 13:07_[5476, 7914, 8346, 1137]
20150816 13:08_[6156, 3226, 2388, 9180]
20150816 13:09_[1081, 2598, 5675, 4891]
20150816 13:10_[7186, 2458, 1169, 5033]
20150816 13:11_[7785, 7126, 9394, 6029]
20150816 13:12_[3298, 5146, 3304, 1997]
20150816 13:13_[3732, 1981, 7368, 3050]
20150816 13:14_[7869, 2054, 3786, 1248]
20150816 13:15_[1410, 7990, 5871, 3699]
20150816 13:16_[2741, 4484, 5935, 7017]
20150816 13:17_[3261, 2611, 6365, 9613]
20150816 13:18_[8841, 1616, 6798, 5960]
20150816 13:19_[6118, 4513, 7480, 9562]
20150816 13:20_[7608, 5673, 2699, 8995]
20150816 13:21_[3597, 7313, 1993, 9850]
20150816 13:22_[7980, 1152, 8659, 2934]
20150816 13:23_[4018, 1657, 5371, 3713]
20150816 13:24_[9447, 8598, 2511, 4127]
20150816 13:25_[2327, 8562, 4493, 8637]
20150816 13:26_[9607, 9243, 6091, 7993]
20150816 13:27_[2433, 9400, 9001, 7763]
20150816 13:28_[9836, 6683, 8266, 1172]
20150816 13:29_[4069, 2621, 1423, 3596]
20150816 13:30_[3051, 6859, 5354, 8435]
20150816 13:31_[7658, 9576, 1986, 2848]
20150816 13:32_[3545, 4430, 7177, 8159]
20150816 13:33_[6612, 2190, 5393, 1357]
20150816 13:34_[5464, 1155, 6485, 9724]
20150816 13:35_[8087, 8635, 5606, 8156]
20150816 13:36_[3739, 7650, 5929, 7036]
20150816 13:37_[1414, 6462, 5156, 3576]
20150816 13:38_[1130, 9238, 4109, 4776]
20150816 13:39_[4136, 3586, 8087, 8126]
20150816 13:40_[2530, 3002, 5086, 1411]
20150816 13:41_[5892, 4067, 4589, 3966]
20150816 13:42_[7377, 3332, 4515, 8458]
20150816 13:43_[8148, 1395, 4088, 4899]
20150816 13:44_[5488, 4979, 8408, 2666]
20150816 13:45_[9832, 5020, 7302, 9988]
20150816 13:46_[8232, 8131, 8904, 3333]
20150816 13:47_[3495, 1627, 4830, 3625]
20150816 13:48_[9533, 1024, 7643, 9495]
20150816 13:49_[1532, 2116, 3511, 2963]
20150816 13:50_[4062, 6312, 4245, 5450]
20150816 13:51_[8954, 9939, 4468, 4628]
20150816 13:52_[6045, 2699, 3811, 8160]
20150816 13:53_[4147, 6107, 6673, 2809]
20150816 13:54_[1027, 3916, 1812, 6828]
20150816 13:55_[3042, 4905, 4039, 9739]
20150816 13:56_[6906, 3389, 7330, 9006]
20150816 13:57_[6865, 8315, 3268, 3909]
20150816 13:58_[5969, 5388, 3729, 4067]
20150816 13:59_[5008, 5703, 7263, 9027]
20150816 14:00_[1132, 3873, 3271, 6209]
20150816 14:01_[7389, 9356, 3811, 6601]
20150816 14:02_[7425, 3212, 2999, 2748]
20150816 14:03_[4598, 5698, 9016, 8426]
20150816 14:04_[9843, 8815, 1623, 4809]
20150816 14:05_[4842, 1346, 8053, 7145]
20150816 14:06_[9167, 1909, 6830, 8234]
20150816 14:07_[6687, 5470, 4436, 8184]
20150816 14:08_[2826, 7856, 3630, 4961]
20150816 14:09_[9771, 9513, 6485, 3373]
20150816 14:10_[6875, 3502, 9335, 1944]
20150816 14:11_[6376, 9801, 7805, 1354]
20150816 14:12_[9573, 4989, 6627, 5078]
20150816 14:13_[6285, 6183, 1405, 9414]
20150816 14:14_[9370, 4271, 6907, 4008]
20150816 14:15_[2251, 2005, 5498, 1433]
20150816 14:16_[3638, 7427, 7662, 4308]
20150816 14:17_[6212, 3072, 8853, 9377]
20150816 14:18_[8502, 2279, 1114, 3558]
20150816 14:19_[3203, 7935, 2347, 8847]
20150816 14:20_[6598, 3877, 7636, 8315]
20150816 14:21_[7453, 1790, 6091, 2120]
20150816 14:22_[7234, 6624, 6040, 3965]
20150816 14:23_[4966, 5591, 8876, 7312]
20150816 14:24_[8731, 2481, 4282, 7852]
20150816 14:25_[1823, 2126, 5899, 5699]
20150816 14:26_[6340, 5903, 7201, 6848]
20150816 14:27_[3351, 7350, 5448, 7381]
20150816 14:28_[9886, 7917, 5184, 1531]
20150816 14:29_[8082, 3607, 3989, 8694]
20150816 14:30_[4919, 1473, 9350, 3285]
20150816 14:31_[6577, 5656, 8729, 6219]
20150816 14:32_[2065, 8241, 5119, 6083]
20150816 14:33_[8179, 2801, 2573, 3480]
20150816 14:34_[8664, 6891, 1257, 1997]
20150816 14:35_[4353, 6024, 6432, 5985]
20150816 14:36_[2901, 1246, 1124, 5881]
20150816 14:37_[1004, 7016, 4923, 4752]
20150816 14:38_[2539, 2702, 7085, 7688]
20150816 14:39_[6912, 6755, 5470, 5623]
20150816 14:40_[8453, 7249, 2559, 2555]
20150816 14:41_[1248, 7899, 4221, 5149]
20150816 14:42_[1233, 6891, 6572, 9153]
20150816 14:43_[9758, 1166, 2375, 8744]
20150816 14:44_[6509, 5332, 1817, 9119]
20150816 14:45_[7001, 2891, 4314, 8953]
20150816 14:46_[3661, 3715, 4842, 7413]
20150816 14:47_[2652, 8355, 8588, 4148]
20150816 14:48_[8232, 2359, 6832, 1360]
20150816 14:49_[6501, 9184, 7370, 2750]
20150816 14:50_[1767, 8748, 6711, 9292]
20150816 14:51_[6244, 3415, 9867, 1813]
20150816 14:52_[6512, 2365, 8688, 9007]
20150816 14:53_[4461, 8480, 7345, 1819]
20150816 14:54_[3230, 2043, 6128, 9095]
20150816 14:55_[2828, 4261, 8657, 5466]
20150816 14:56_[6620, 2461, 9268, 5874]
20150816 14:57_[6926, 2458, 3605, 8240]
20150816 14:58_[4532, 5689, 9430, 5385]
20150816 14:59_[7727, 7142, 1154, 5543]
20150816 15:00_[4264, 1362, 3594, 5375]
20150816 15:01_[6697, 6229, 7394, 6062]
20150816 15:02_[2324, 2726, 1269, 1098]
20150816 15:03_[9053, 8517, 7860, 6143]
20150816 15:04_[5833, 2190, 7079, 7223]
20150816 15:05_[2278, 1457, 1973, 2654]
20150816 15:06_[2487, 5415, 1047, 3901]
20150816 15:07_[7153, 9266, 6903, 1254]
20150816 15:08_[9655, 4754, 1791, 7888]
20150816 15:09_[1916, 1308, 5059, 4386]
20150816 15:10_[4741, 9753, 3589, 5415]
20150816 15:11_[1846, 3840, 3204, 5543]
20150816 15:12_[7944, 7532, 1223, 6138]
20150816 15:13_[1163, 3162, 8957, 2756]
20150816 15:14_[3647, 5446, 2000, 9624]
20150816 15:15_[8250, 9971, 5246, 8941]
20150816 15:16_[2631, 3664, 2107, 3454]
20150816 15:17_[5992, 7530, 4147, 9514]
20150816 15:18_[1710, 3755, 5021, 7174]
20150816 15:19_[8094, 4117, 4847, 1991]
20150816 15:20_[6495, 3234, 4544, 4192]
20150816 15:21_[7095, 8806, 4682, 1554]
20150816 15:22_[9333, 4216, 5078, 7076]
20150816 15:23_[5234, 6335, 9974, 9422]
20150816 15:24_[8110, 6616, 3878, 9403]
20150816 15:25_[7700, 8742, 2202, 8977]
20150816 15:26_[3955, 1168, 9853, 4975]
20150816 15:27_[5961, 2848, 2687, 1548]
20150816 15:28_[7392, 6233, 2471, 6711]
20150816 15:29_[4183, 3603, 2958, 3231]
20150816 15:30_[7260, 2535, 1640, 7435]
20150816 15:31_[5644, 7794, 5919, 9935]
20150816 15:32_[9131, 4823, 6087, 4320]
20150816 15:33_[6265, 5102, 5156, 8471]
20150816 15:34_[4623, 1714, 7006, 5101]
20150816 15:35_[4621, 5568, 6587, 8169]
20150816 15:36_[8338, 1393, 9441, 1892]
20150816 15:37_[2460, 9003, 5684, 1765]
20150816 15:38_[2532, 1315, 2993, 4100]
20150816 15:39_[3653, 1144, 7231, 4982]
20150816 15:40_[1254, 7904, 4264, 7151]
20150816 15:41_[1195, 9261, 5579, 9310]
20150816 15:42_[5582, 9350, 4938, 1837]
20150816 15:43_[6446, 9961, 6332, 4648]
20150816 15:44_[3779, 3246, 3360, 4393]
20150816 15:45_[5677, 6537, 3017, 8533]
20150816 15:46_[2720, 1606, 2501, 9446]
20150816 15:47_[6616, 6248, 6211, 8423]
20150816 15:48_[8127, 2422, 8966, 9314]
20150816 15:49_[6032, 8091, 3017, 4001]
20150816 15:50_[2297, 7063, 7138, 7003]
20150816 15:51_[8372, 4845, 3895, 6185]
20150816 15:52_[8213, 8853, 5379, 6331]
20150816 15:53_[1915, 2602, 2828, 5547]
20150816 15:54_[9017, 8226, 2915, 5609]
20150816 15:55_[5503, 8798, 1540, 6573]
20150816 15:56_[1383, 4609, 3213, 9332]
20150816 15:57_[1144, 6402, 1638, 3696]
20150816 15:58_[5313, 9366, 2987, 3112]
20150816 15:59_[1179, 4070, 2812, 6927]
20150816 16:00_[7071, 2888, 3912, 1457]
20150816 16:01_[9825, 6794, 8126, 6684]
20150816 16:02_[3425, 5510, 8216, 8961]
20150816 16:03_[5821, 8970, 2345, 4407]
20150816 16:04_[8716, 3413, 6438, 1805]
20150816 16:05_[2007, 9519, 8002, 1622]
20150816 16:06_[7990, 8479, 3445, 3870]
20150816 16:07_[7266, 1807, 1553, 4374]
20150816 16:08_[5863, 4103, 8097, 4477]
20150816 16:09_[2534, 5536, 9673, 2206]
20150816 16:10_[2196, 7051, 7251, 2234]
20150816 16:11_[1635, 4231, 7257, 2831]
20150816 16:12_[3603, 1161, 9690, 7331]
20150816 16:13_[5429, 1554, 1966, 4855]
20150816 16:14_[5662, 3583, 1342, 3002]
20150816 16:15_[8078, 4973, 9475, 4029]
20150816 16:16_[2601, 2431, 7172, 8738]
20150816 16:17_[3839, 5634, 9099, 4760]
20150816 16:18_[1975, 3977, 6368, 1765]
20150816 16:19_[2698, 4287, 8813, 8447]
20150816 16:20_[5286, 7507, 4258, 8398]
20150816 16:21_[4368, 6195, 3102, 4112]
20150816 16:22_[3792, 2480, 4827, 9894]
20150816 16:23_[3373, 5527, 7715, 9997]
20150816 16:24_[8521, 6430, 5036, 9694]
20150816 16:25_[7775, 4885, 7610, 5259]
20150816 16:26_[2308, 9018, 4915, 9492]
20150816 16:27_[6856, 2672, 6192, 9526]
20150816 16:28_[8371, 4905, 1867, 8457]
20150816 16:29_[5113, 5781, 8277, 2074]
20150816 16:30_[9954, 2974, 1419, 3144]
20150816 16:31_[9963, 7078, 1724, 9780]
20150816 16:32_[1937, 7458, 5405, 9303]
20150816 16:33_[7367, 8383, 7955, 8108]
20150816 16:34_[4749, 8885, 6508, 6975]
20150816 16:35_[4459, 4485, 7318, 7601]
20150816 16:36_[5289, 4188, 9103, 6114]
20150816 16:37_[3168, 4191, 9842, 1258]
20150816 16:38_[5789, 6151, 7357, 2528]
20150816 16:39_[8958, 7473, 2138, 6859]
20150816 16:40_[8950, 1382, 7656, 4049]
20150816 16:41_[3866, 3749, 2427, 5352]
20150816 16:42_[7739, 8854, 2639, 2325]
20150816 16:43_[7384, 1274, 9948, 4338]
20150816 16:44_[6454, 1637, 3396, 3808]
20150816 16:45_[4922, 6023, 7776, 6773]
20150816 16:46_[2424, 5582, 6406, 3878]
20150816 16:47_[1314, 3747, 7781, 5707]
20150816 16:48_[9639, 1578, 4957, 3444]
20150816 16:49_[1852, 1064, 4922, 8175]
20150816 16:50_[7253, 6586, 6116, 5648]
20150816 16:51_[9824, 8267, 7441, 4160]
20150816 16:52_[2911, 9868, 7313, 4185]
20150816 16:53_[4496, 9816, 4315, 5825]
20150816 16:54_[6052, 4601, 5166, 6035]
20150816 16:55_[7034, 4859, 5533, 5523]
20150816 16:56_[2232, 6077, 7616, 1129]
20150816 16:57_[8966, 7718, 5502, 7999]
20150816 16:58_[1758, 2433, 5027, 4378]
20150816 16:59_[9230, 7761, 8630, 6431]
20150816 17:00_[8598, 2017, 3361, 7606]
20150816 17:01_[5305, 2603, 9036, 9027]
20150816 17:02_[3456, 2644, 6582, 3017]
20150816 17:03_[9364, 8268, 7747, 4284]
20150816 17:04_[5764, 9595, 1397, 6945]
20150816 17:05_[9094, 4383, 8086, 4040]
20150816 17:06_[4729, 5912, 2709, 7141]
20150816 17:07_[2839, 3254, 5509, 9667]
20150816 17:08_[4330, 8280, 1634, 3057]
20150816 17:09_[8372, 2586, 2943, 8940]
20150816 17:10_[8139, 9792, 6586, 7700]
20150816 17:11_[2326, 6021, 4439, 2298]
20150816 17:12_[8173, 9392, 4670, 4391]
20150816 17:13_[9939, 2047, 7057, 6879]
20150816 17:14_[9021, 8357, 1472, 8736]
20150816 17:15_[3812, 5291, 3780, 6879]
20150816 17:16_[5509, 2618, 4843, 9074]
20150816 17:17_[7678, 1706, 1366, 1586]
20150816 17:18_[5360, 3040, 7020, 8784]
20150816 17:19_[2638, 4284, 6784, 5885]
20150816 17:20_[5012, 1925, 3352, 9680]
20150816 17:21_[5318, 1156, 1551, 6890]
20150816 17:22_[8335, 9988, 3961, 5054]
20150816 17:23_[6541, 8300, 5881, 5433]
20150816 17:24_[8894, 5702, 2512, 4536]
20150816 17:25_[1791, 7808, 1580, 9862]
20150816 17:26_[9127, 1144, 2514, 2140]
20150816 17:27_[3001, 6535, 3040, 2470]
20150816 17:28_[9587, 4422, 4144, 6409]
20150816 17:29_[6629, 8325, 9793, 7070]
20150816 17:30_[6812, 8180, 2235, 7704]
20150816 17:31_[4772, 6589, 2144, 5330]
20150816 17:32_[9007, 7553, 4181, 5215]
20150816 17:33_[5641, 6010, 2770, 9135]
20150816 17:34_[2795, 1195, 4468, 7088]
20150816 17:35_[2930, 8461, 5544, 5638]
20150816 17:36_[8091, 5939, 8698, 3536]
20150816 17:37_[4313, 7718, 4678, 8647]
20150816 17:38_[4073, 1709, 3064, 9938]
20150816 17:39_[9028, 2602, 9207, 9455]
20150816 17:40_[8335, 1079, 6402, 7425]
20150816 17:41_[5599, 3939, 1017, 6749]
20150816 17:42_[3949, 3516, 1093, 3177]
20150816 17:43_[3932, 2538, 5651, 1675]
20150816 17:44_[5573, 9033, 7229, 8652]
20150816 17:45_[1520, 8290, 3952, 5501]
20150816 17:46_[7931, 4016, 4517, 9218]
20150816 17:47_[1385, 3806, 6465, 6840]
20150816 17:48_[7223, 4849, 7777, 2116]
20150816 17:49_[5879, 2422, 8439, 8340]
20150816 17:50_[7464, 8115, 5459, 9932]
20150816 17:51_[7697, 4976, 1450, 3464]
20150816 17:52_[2078, 9557, 7225, 5486]
20150816 17:53_[3502, 7201, 9566, 2165]
20150816 17:54_[8407, 6794, 6919, 9261]
20150816 17:55_[2646, 1218, 9688, 9391]
20150816 17:56_[2316, 4956, 4875, 1325]
20150816 17:57_[1946, 9924, 9288, 5003]
20150816 17:58_[5474, 4575, 6637, 7378]
20150816 17:59_[5554, 4948, 1514, 2255]
20150816 18:00_[8833, 6368, 8233, 8896]
20150816 18:01_[1947, 9622, 5542, 3857]
20150816 18:02_[9967, 8433, 3257, 2126]
20150816 18:03_[5394, 7559, 1826, 8134]
20150816 18:04_[8828, 9960, 8412, 9992]
20150816 18:05_[9079, 1257, 6284, 5976]
20150816 18:06_[5443, 4369, 6977, 6399]
20150816 18:07_[1273, 6539, 9883, 7992]
20150816 18:08_[3310, 7969, 4151, 1412]
20150816 18:09_[1796, 1954, 7358, 9830]
20150816 18:10_[3911, 8668, 1827, 2209]
20150816 18:11_[8370, 9793, 5296, 2007]
20150816 18:12_[6899, 2568, 9225, 6718]
20150816 18:13_[4391, 5480, 5029, 2319]
20150816 18:14_[4019, 9731, 7891, 7665]
20150816 18:15_[2079, 9997, 3409, 5030]
20150816 18:16_[4837, 6801, 2959, 3053]
20150816 18:17_[3489, 5715, 1672, 3122]
20150816 18:18_[7756, 5602, 6993, 9839]
20150816 18:19_[5015, 5314, 8280, 5978]
20150816 18:20_[7196, 3477, 2180, 7062]
20150816 18:21_[8293, 7368, 7877, 4362]
20150816 18:22_[5469, 9447, 1654, 6620]
20150816 18:23_[8171, 3390, 7468, 2879]
20150816 18:24_[6274, 7258, 6234, 1902]
20150816 18:25_[2683, 3993, 2147, 3594]
20150816 18:26_[6619, 6530, 1905, 5934]
20150816 18:27_[3889, 8391, 4091, 8368]
20150816 18:28_[8787, 1465, 3861, 9283]
20150816 18:29_[5380, 1373, 3600, 3225]
20150816 18:30_[4780, 3534, 9925, 5474]
20150816 18:31_[6002, 4149, 3378, 2393]
20150816 18:32_[1641, 2845, 6961, 9758]
20150816 18:33_[1894, 7415, 8753, 1136]
20150816 18:34_[2623, 7719, 5327, 8790]
20150816 18:35_[2756, 4573, 6701, 7140]
20150816 18:36_[5087, 5431, 4188, 4526]
20150816 18:37_[6933, 6540, 5688, 4182]
20150816 18:38_[1014, 2860, 6338, 3897]
20150816 18:39_[7463, 4425, 3859, 3660]
20150816 18:40_[5796, 5413, 8696, 4152]
20150816 18:41_[9151, 1980, 3847, 2610]
20150816 18:42_[2906, 1734, 9054, 1491]
20150816 18:43_[5490, 9227, 9598, 3913]
20150816 18:44_[9102, 6589, 4816, 9642]
20150816 18:45_[6055, 7492, 9414, 4400]
20150816 18:46_[2667, 6399, 6634, 5677]
20150816 18:47_[1770, 2496, 2899, 8297]
20150816 18:48_[4071, 5509, 6787, 4027]
20150816 18:49_[8633, 8707, 1435, 2714]
20150816 18:50_[4027, 6945, 1195, 6387]
20150816 18:51_[6015, 4056, 6823, 9217]
20150816 18:52_[8225, 6769, 4534, 9328]
20150816 18:53_[3967, 5809, 6996, 7834]
20150816 18:54_[4079, 7522, 4466, 5326]
20150816 18:55_[7739, 1730, 6449, 5231]
20150816 18:56_[4173, 6786, 8786, 4555]
20150816 18:57_[9647, 4146, 8408, 3923]
20150816 18:58_[5948, 2909, 5034, 2797]
20150816 18:59_[7336, 3276, 7357, 4396]
20150816 19:00_[3828, 3188, 2353, 7722]
20150816 19:01_[3925, 4967, 5201, 5398]
20150816 19:02_[7038, 7572, 1614, 1539]
20150816 19:03_[3986, 2980, 7193, 7787]
20150816 19:04_[6020, 6699, 8009, 6491]
20150816 19:05_[8036, 9475, 3972, 2433]
20150816 19:06_[3241, 4194, 5120, 2203]
20150816 19:07_[7908, 3493, 9104, 2352]
20150816 19:08_[6210, 7060, 7980, 5825]
20150816 19:09_[8098, 9044, 2187, 1174]
20150816 19:10_[6378, 9389, 5872, 4862]
20150816 19:11_[9258, 5753, 6215, 1039]
20150816 19:12_[8465, 8536, 7938, 8780]
20150816 19:13_[8867, 4542, 4247, 7559]
20150816 19:14_[5957, 6156, 3148, 1586]
20150816 19:15_[4479, 4965, 1103, 7914]
20150816 19:16_[2792, 3105, 6972, 8404]
20150816 19:17_[9162, 7769, 1080, 9452]
20150816 19:18_[2852, 5129, 6643, 2278]
20150816 19:19_[6786, 6532, 1116, 3664]
20150816 19:20_[2027, 7097, 9137, 4784]
20150816 19:21_[6295, 1916, 2294, 6490]
20150816 19:22_[3526, 6585, 4558, 3875]
20150816 19:23_[5225, 9075, 8072, 1078]
20150816 19:24_[9539, 4598, 6139, 3826]
20150816 19:25_[9957, 2017, 9330, 3258]
20150816 19:26_[2867, 3502, 2196, 8164]
20150816 19:27_[3949, 3478, 5492, 4448]
20150816 19:28_[6668, 7915, 9872, 7233]
20150816 19:29_[5662, 1277, 8174, 5250]
20150816 19:30_[7528, 1936, 8234, 6441]
20150816 19:31_[6409, 6469, 4291, 6488]
20150816 19:32_[9739, 7529, 7365, 5122]
20150816 19:33_[7776, 5431, 5845, 1533]
20150816 19:34_[5406, 5844, 8413, 9691]
20150816 19:35_[4150, 9470, 3851, 4715]
20150816 19:36_[7168, 1851, 8532, 5279]
20150816 19:37_[7696, 5098, 9812, 3635]
20150816 19:38_[2575, 6985, 8975, 6760]
20150816 19:39_[2267, 4786, 7583, 1582]
20150816 19:40_[6090, 5081, 4735, 3217]
20150816 19:41_[1193, 3857, 7947, 4941]
20150816 19:42_[1179, 2806, 1444, 1631]
20150816 19:43_[7348, 3785, 5042, 7082]
20150816 19:44_[3915, 4671, 9352, 9591]
20150816 19:45_[2404, 5763, 1504, 5045]
20150816 19:46_[6248, 2269, 4421, 1120]
20150816 19:47_[5995, 2665, 5205, 5206]
20150816 19:48_[5347, 9419, 5210, 9325]
20150816 19:49_[5110, 8793, 9752, 1589]
20150816 19:50_[6016, 9676, 5546, 8955]
20150816 19:51_[9685, 6995, 9028, 3333]
20150816 19:52_[1674, 5864, 2189, 9666]
20150816 19:53_[3935, 6158, 5997, 8990]
20150816 19:54_[1123, 2508, 3020, 9265]
20150816 19:55_[8801, 6512, 3373, 7069]
20150816 19:56_[2708, 2809, 2855, 9126]
20150816 19:57_[3216, 7029, 1378, 1817]
20150816 19:58_[3686, 7998, 8245, 9669]
20150816 19:59_[6268, 4066, 2195, 7526]
20150816 20:00_[9754, 5459, 1944, 3028]
20150816 20:01_[5961, 3410, 7140, 8490]
20150816 20:02_[1671, 3261, 1628, 7315]
20150816 20:03_[2331, 4075, 1835, 1140]
20150816 20:04_[2849, 2531, 2904, 6657]
20150816 20:05_[9084, 3121, 9195, 4938]
20150816 20:06_[6225, 7863, 9789, 2909]
20150816 20:07_[3636, 8788, 3019, 2637]
20150816 20:08_[6718, 8646, 3487, 1275]
20150816 20:09_[8180, 8130, 2404, 5286]
20150816 20:10_[1945, 2860, 4481, 2059]
20150816 20:11_[5725, 7814, 8308, 8088]
20150816 20:12_[3943, 5613, 5840, 8608]
20150816 20:13_[8870, 8024, 9283, 3785]
20150816 20:14_[1048, 8149, 3959, 3310]
20150816 20:15_[8862, 8051, 7528, 6202]
20150816 20:16_[1813, 3969, 3876, 2605]
20150816 20:17_[7542, 2428, 1741, 8103]
20150816 20:18_[6159, 1097, 8020, 9431]
20150816 20:19_[4937, 1879, 2679, 8206]
20150816 20:20_[4468, 3434, 6479, 9317]
20150816 20:21_[2986, 4949, 7528, 7046]
20150816 20:22_[8798, 4795, 2622, 4138]
20150816 20:23_[1646, 1812, 4559, 7885]
20150816 20:24_[4604, 4457, 9575, 4347]
20150816 20:25_[5187, 1594, 6344, 8332]
20150816 20:26_[3569, 1809, 1165, 4439]
20150816 20:27_[4292, 8152, 5822, 1948]
20150816 20:28_[9345, 8653, 2427, 1928]
20150816 20:29_[3268, 7640, 3682, 3425]
20150816 20:30_[4315, 1881, 4655, 9088]
20150816 20:31_[4979, 3543, 7226, 4316]
20150816 20:32_[3619, 6837, 2348, 3640]
20150816 20:33_[9552, 1865, 4362, 2251]
20150816 20:34_[1054, 6635, 7282, 8261]
20150816 20:35_[1620, 1184, 2429, 6380]
20150816 20:36_[2549, 1642, 6033, 2035]
20150816 20:37_[2912, 7282, 2108, 4668]
20150816 20:38_[8946, 8178, 1336, 3580]
20150816 20:39_[5799, 6943, 6527, 2091]
20150816 20:40_[2416, 6714, 6980, 8351]
20150816 20:41_[5878, 5040, 3954, 7518]
20150816 20:42_[6698, 3091, 3611, 8367]
20150816 20:43_[4732, 3267, 4673, 1556]
20150816 20:44_[6214, 4259, 4840, 9043]
20150816 20:45_[3289, 6030, 5217, 1632]
20150816 20:46_[2175, 2972, 1125, 7541]
20150816 20:47_[3495, 5189, 3453, 3820]
20150816 20:48_[4168, 1856, 4187, 1486]
20150816 20:49_[3055, 6527, 3173, 4839]
20150816 20:50_[2862, 2123, 5483, 1951]
20150816 20:51_[7633, 9387, 4550, 4768]
20150816 20:52_[9247, 8785, 3563, 9860]
20150816 20:53_[9396, 2681, 9270, 6289]
20150816 20:54_[8523, 7841, 1021, 4280]
20150816 20:55_[5698, 7138, 7455, 8736]
20150816 20:56_[5979, 2033, 2321, 7282]
20150816 20:57_[2256, 9481, 1478, 7168]
20150816 20:58_[1495, 4969, 1383, 5980]
20150816 20:59_[3365, 1007, 7048, 6450]
20150816 21:00_[4698, 1861, 6662, 8709]
20150816 21:01_[8010, 2832, 2533, 3718]
20150816 21:02_[6869, 7352, 5422, 1253]
20150816 21:03_[7463, 6275, 2883, 1491]
20150816 21:04_[7031, 2111, 5062, 7968]
20150816 21:05_[5248, 6460, 7123, 8864]
20150816 21:06_[8692, 2892, 4048, 9796]
20150816 21:07_[4345, 4514, 7900, 4423]
20150816 21:08_[8873, 2869, 4263, 7993]
20150816 21:09_[8332, 8194, 8763, 6705]
20150816 21:10_[8140, 2606, 9541, 8379]
20150816 21:11_[7932, 2957, 2011, 7787]
20150816 21:12_[6826, 4576, 2223, 5867]
20150816 21:13_[4644, 5043, 9062, 6232]
20150816 21:14_[2983, 9187, 4196, 7935]
20150816 21:15_[3500, 4000, 3199, 3553]
20150816 21:16_[3072, 3708, 6437, 7598]
20150816 21:17_[9277, 3330, 4796, 3434]
20150816 21:18_[4002, 8920, 8868, 2508]
20150816 21:19_[8886, 5341, 3454, 4992]
20150816 21:20_[4397, 2946, 4097, 4686]
20150816 21:21_[1398, 4241, 5233, 8899]
20150816 21:22_[6243, 9783, 9295, 3213]
20150816 21:23_[3405, 4047, 7321, 7953]
20150816 21:24_[1948, 5177, 4303, 3218]
20150816 21:25_[2097, 2216, 5380, 3362]
20150816 21:26_[9090, 6298, 2386, 2006]
20150816 21:27_[3613, 7350, 6477, 9335]
20150816 21:28_[4573, 8993, 6833, 1280]
20150816 21:29_[4664, 5792, 2100, 7817]
20150816 21:30_[4350, 2561, 9629, 6008]
20150816 21:31_[4675, 3753, 8070, 4545]
20150816 21:32_[2303, 5986, 9967, 2115]
20150816 21:33_[8530, 4559, 7886, 3641]
20150816 21:34_[5402, 2989, 9437, 7127]
20150816 21:35_[8657, 1311, 7841, 5741]
20150816 21:36_[3687, 9293, 6151, 2312]
20150816 21:37_[3468, 4929, 4924, 1237]
20150816 21:38_[6321, 4434, 5442, 5806]
20150816 21:39_[6153, 7365, 4910, 2410]
20150816 21:40_[7756, 5410, 5485, 4310]
20150816 21:41_[8132, 1695, 7315, 7681]
20150816 21:42_[5150, 2515, 3712, 7793]
20150816 21:43_[2018, 1992, 1981, 8301]
20150816 21:44_[3275, 8188, 6006, 4386]
20150816 21:45_[6551, 4129, 4588, 6734]
20150816 21:46_[7952, 5333, 4816, 7756]
20150816 21:47_[6071, 3507, 5542, 7994]
20150816 21:48_[3705, 7345, 7512, 2560]
20150816 21:49_[5080, 1419, 9067, 3275]
20150816 21:50_[5636, 8351, 4296, 2018]
20150816 21:51_[8938, 1765, 4380, 6358]
20150816 21:52_[3601, 2208, 6889, 5790]
20150816 21:53_[9505, 7704, 3759, 4498]
20150816 21:54_[4020, 7090, 1159, 1664]
20150816 21:55_[2147, 7274, 4661, 8081]
20150816 21:56_[5207, 6507, 6521, 9574]
20150816 21:57_[6494, 2252, 3333, 5057]
20150816 21:58_[7243, 1963, 4149, 6896]
20150816 21:59_[3844, 2871, 3693, 2544]
20150816 22:00_[4825, 3797, 3142, 6737]
20150816 22:01_[5475, 3081, 3886, 5380]
20150816 22:02_[7598, 6931, 2869, 5546]
20150816 22:03_[9378, 7767, 5957, 5686]
20150816 22:04_[3364, 8819, 6917, 6559]
20150816 22:05_[1468, 1589, 6946, 9197]
20150816 22:06_[6270, 1818, 5299, 7027]
20150816 22:07_[5119, 5408, 7633, 3749]
20150816 22:08_[8428, 6158, 4181, 2664]
20150816 22:09_[2554, 7118, 1945, 1934]
20150816 22:10_[1735, 6632, 3250, 6099]
20150816 22:11_[9110, 9276, 3280, 5596]
20150816 22:12_[7598, 2347, 3130, 4460]
20150816 22:13_[1046, 7351, 8908, 4296]
20150816 22:14_[3339, 2366, 1871, 1991]
20150816 22:15_[7820, 7374, 2485, 7850]
20150816 22:16_[1027, 7832, 9157, 4871]
20150816 22:17_[9758, 8116, 8930, 3628]
20150816 22:18_[6209, 3423, 9902, 8023]
20150816 22:19_[9346, 2935, 8738, 3070]
20150816 22:20_[6439, 4818, 5483, 9644]
20150816 22:21_[4520, 6546, 1338, 1189]
20150816 22:22_[3935, 1422, 2581, 9528]
20150816 22:23_[5668, 7622, 3060, 9157]
20150816 22:24_[1629, 5954, 3336, 3073]
20150816 22:25_[4474, 2579, 1998, 8456]
20150816 22:26_[6485, 8535, 6247, 2866]
20150816 22:27_[6211, 5197, 9234, 3620]
20150816 22:28_[8249, 4272, 2654, 2545]
20150816 22:29_[6412, 4114, 3381, 5976]
20150816 22:30_[3732, 9667, 8081, 8140]
20150816 22:31_[6523, 2479, 7344, 8399]
20150816 22:32_[1381, 9088, 5328, 7597]
20150816 22:33_[5830, 9358, 7212, 7188]
20150816 22:34_[8519, 7293, 3049, 2419]
20150816 22:35_[5666, 9806, 9971, 7881]
20150816 22:36_[9321, 4711, 4588, 5498]
20150816 22:37_[7265, 3076, 3568, 8494]
20150816 22:38_[8249, 8006, 7453, 7224]
20150816 22:39_[3718, 1115, 1945, 6359]
20150816 22:40_[2977, 4524, 7911, 2596]
20150816 22:41_[7594, 2742, 6570, 8132]
20150816 22:42_[4256, 7958, 9444, 9135]
20150816 22:43_[7323, 4856, 4393, 6759]
20150816 22:44_[7069, 9612, 7258, 2612]
20150816 22:45_[1988, 8074, 4347, 2520]
20150816 22:46_[6186, 5540, 8251, 7362]
20150816 22:47_[9432, 1916, 5727, 8739]
20150816 22:48_[2949, 5305, 8034, 3660]
20150816 22:49_[7043, 2068, 8022, 2749]
20150816 22:50_[4425, 5507, 2579, 2295]
20150816 22:51_[7606, 7804, 8359, 6687]
20150816 22:52_[6769, 7813, 6611, 4915]
20150816 22:53_[5803, 2822, 9660, 4574]
20150816 22:54_[4690, 6864, 2273, 1618]
20150816 22:55_[5052, 2211, 2750, 3152]
20150816 22:56_[9489, 8810, 2609, 7050]
20150816 22:57_[6306, 9425, 7579, 8900]
20150816 22:58_[5373, 7360, 9062, 2014]
20150816 22:59_[6230, 2780, 9327, 8596]
20150816 23:00_[9650, 4317, 6998, 9852]
20150816 23:01_[2207, 7556, 9265, 8392]
20150816 23:02_[5284, 4894, 8042, 5933]
20150816 23:03_[5727, 7345, 2029, 1963]
20150816 23:04_[1421, 2874, 7100, 5090]
20150816 23:05_[6539, 2842, 3200, 1375]
20150816 23:06_[5198, 7297, 2081, 3593]
20150816 23:07_[3008, 4467, 6007, 9066]
20150816 23:08_[3022, 2652, 4815, 6047]
20150816 23:09_[3897, 8073, 2509, 3175]
20150816 23:10_[2082, 1885, 6805, 9186]
20150816 23:11_[8597, 9337, 5479, 9617]
20150816 23:12_[3876, 7291, 6569, 6177]
20150816 23:13_[6964, 6546, 5038, 4464]
20150816 23:14_[5439, 9982, 4765, 8353]
20150816 23:15_[7427, 2516, 5820, 3961]
20150816 23:16_[8814, 3674, 5196, 3405]
20150816 23:17_[2621, 4121, 5909, 1996]
20150816 23:18_[9773, 7390, 6333, 3756]
20150816 23:19_[1012, 7462, 3117, 9675]
20150816 23:20_[1060, 1073, 9374, 1731]
20150816 23:21_[5091, 8803, 8204, 8619]
20150816 23:22_[3774, 5994, 1493, 4881]
20150816 23:23_[1270, 1238, 6960, 2109]
20150816 23:24_[3591, 3263, 1610, 1098]
20150816 23:25_[4857, 7757, 4374, 7541]
20150816 23:26_[3019, 5371, 3418, 6081]
20150816 23:27_[4094, 6061, 8805, 6028]
20150816 23:28_[3038, 7199, 1159, 3328]
20150816 23:29_[7433, 8571, 6880, 1495]
20150816 23:30_[5651, 8898, 8556, 2954]
20150816 23:31_[9699, 6578, 9207, 2836]
20150816 23:32_[6487, 6495, 9072, 4147]
20150816 23:33_[2461, 4951, 9905, 6825]
20150816 23:34_[8248, 2722, 4807, 9493]
20150816 23:35_[6704, 7325, 6943, 9221]
20150816 23:36_[4183, 1261, 3131, 8909]
20150816 23:37_[3333, 4248, 6926, 5658]
20150816 23:38_[3148, 2462, 3176, 7294]
20150816 23:39_[4860, 4318, 9635, 2714]
20150816 23:40_[2959, 8020, 9719, 1193]
20150816 23:41_[2522, 7076, 1287, 6701]
20150816 23:42_[9990, 1391, 1619, 6990]
20150816 23:43_[8987, 2094, 9864, 5957]
20150816 23:44_[8739, 9623, 5998, 7135]
20150816 23:45_[1023, 2017, 2301, 2832]
20150816 23:46_[6300, 4979, 6527, 4677]
20150816 23:47_[6373, 8452, 9212, 3642]
20150816 23:48_[8472, 9433, 1496, 3552]
20150816 23:49_[9503, 9405, 1481, 7199]
20150816 23:50_[7908, 6453, 7257, 6662]
20150816 23:51_[9659, 7294, 2959, 3847]
20150816 23:52_[1544, 3574, 1376, 5680]
20150816 23:53_[7161, 8255, 5548, 2979]
20150816 23:54_[5532, 6756, 4318, 5636]
20150816 23:55_[4920, 8869, 5406, 6712]
20150816 23:56_[6058, 2564, 4285, 6673]
20150816 23:57_[6921, 3761, 9154, 9680]
20150816 23:58_[7990, 8589, 6051, 2275]
20150816 23:59_[5070, 2772, 6190, 9521]
