20150817 00:00_[4468, 1541, 5040, 3258]
20150817 00:01_[5981, 1543, 1182, 8437]
20150817 00:02_[4339, 6881, 6824, 3727]
20150817 00:03_[6396, 4451, 1448, 6188]
20150817 00:04_[9258, 2124, 9361, 8411]
20150817 00:05_[9902, 7969, 7698, 8906]
20150817 00:06_[9571, 4292, 5425, 9598]
20150817 00:07_[1929, 9128, 8202, 7798]
20150817 00:08_[8171, 1983, 8952, 9361]
20150817 00:09_[8252, 7913, 1177, 6490]
20150817 00:10_[1254, 5172, 1995, 1957]
20150817 00:11_[4327, 2848, 9528, 5806]
20150817 00:12_[5518, 8107, 9153, 8373]
20150817 00:13_[5001, 6895, 2230, 9345]
20150817 00:14_[3708, 1835, 7176, 6934]
20150817 00:15_[8328, 2520, 3088, 9003]
20150817 00:16_[6919, 9237, 6085, 2287]
20150817 00:17_[1293, 3460, 3391, 9003]
20150817 00:18_[8164, 4596, 3051, 8500]
20150817 00:19_[4080, 2412, 1683, 9383]
20150817 00:20_[1610, 3352, 9403, 9303]
20150817 00:21_[4827, 8576, 4623, 1281]
20150817 00:22_[2864, 5995, 5395, 8765]
20150817 00:23_[7403, 1655, 1482, 4081]
20150817 00:24_[9378, 8238, 6953, 2155]
20150817 00:25_[4129, 2408, 9915, 7700]
20150817 00:26_[6807, 9450, 9873, 2751]
20150817 00:27_[7242, 5305, 5619, 9349]
20150817 00:28_[3770, 2876, 2934, 7268]
20150817 00:29_[9354, 9404, 6818, 7956]
20150817 00:30_[4383, 6895, 4753, 5865]
20150817 00:31_[3245, 2977, 2892, 5784]
20150817 00:32_[5541, 4225, 8744, 4742]
20150817 00:33_[9954, 4437, 4668, 2648]
20150817 00:34_[5869, 6628, 2073, 7090]
20150817 00:35_[3560, 2155, 7913, 9468]
20150817 00:36_[8305, 4009, 3816, 6108]
20150817 00:37_[8810, 7852, 1535, 6053]
20150817 00:38_[6261, 7198, 6202, 2542]
20150817 00:39_[2121, 9227, 4202, 8586]
20150817 00:40_[7725, 6118, 8969, 3755]
20150817 00:41_[4022, 8611, 3639, 2693]
20150817 00:42_[5562, 7536, 3369, 8588]
20150817 00:43_[9986, 8252, 7576, 3413]
20150817 00:44_[2582, 7354, 7236, 1078]
20150817 00:45_[8422, 7243, 4418, 1482]
20150817 00:46_[4185, 3399, 9232, 9706]
20150817 00:47_[2210, 1094, 1780, 2301]
20150817 00:48_[6468, 3546, 1486, 6625]
20150817 00:49_[3102, 6077, 7217, 5364]
20150817 00:50_[7123, 6921, 5191, 6525]
20150817 00:51_[6198, 6965, 5542, 7763]
20150817 00:52_[1005, 5136, 5409, 2952]
20150817 00:53_[1691, 8858, 8467, 3994]
20150817 00:54_[9585, 7449, 1233, 2458]
20150817 00:55_[1962, 4488, 8013, 6600]
20150817 00:56_[9779, 6926, 4135, 2407]
20150817 00:57_[6223, 6381, 4463, 1291]
20150817 00:58_[7058, 2644, 3121, 2559]
20150817 00:59_[5363, 7149, 2765, 1247]
20150817 01:00_[3092, 9446, 4633, 9303]
20150817 01:01_[7856, 2128, 3716, 6833]
20150817 01:02_[9949, 8815, 4427, 4459]
20150817 01:03_[3717, 1406, 9669, 3137]
20150817 01:04_[7074, 4583, 6783, 9887]
20150817 01:05_[1727, 2465, 5939, 9240]
20150817 01:06_[5386, 4896, 9953, 9984]
20150817 01:07_[3861, 7654, 4981, 1009]
20150817 01:08_[5240, 2171, 3607, 1075]
20150817 01:09_[8489, 9109, 2250, 3326]
20150817 01:10_[9474, 3458, 6137, 3753]
20150817 01:11_[4165, 8458, 4312, 7063]
20150817 01:12_[6992, 5949, 2615, 5484]
20150817 01:13_[1466, 9029, 7557, 9745]
20150817 01:14_[7248, 7268, 4079, 5401]
20150817 01:15_[7680, 2232, 9153, 7657]
20150817 01:16_[1985, 1318, 3621, 3828]
20150817 01:17_[8130, 9550, 2030, 1779]
20150817 01:18_[2616, 7933, 7095, 7533]
20150817 01:19_[6044, 8986, 4962, 3293]
20150817 01:20_[6213, 2988, 7707, 3223]
20150817 01:21_[8860, 3583, 4994, 8221]
20150817 01:22_[5166, 7087, 6410, 1993]
20150817 01:23_[2370, 8787, 3828, 6790]
20150817 01:24_[6524, 1164, 1301, 3591]
20150817 01:25_[5135, 5737, 8610, 2517]
20150817 01:26_[4085, 3055, 5867, 7317]
20150817 01:27_[6096, 4966, 7464, 9160]
20150817 01:28_[4593, 7841, 7595, 5240]
20150817 01:29_[8620, 4623, 5328, 7146]
20150817 01:30_[5367, 2899, 7638, 8742]
20150817 01:31_[8190, 6918, 5805, 6263]
20150817 01:32_[6270, 6229, 7012, 2444]
20150817 01:33_[7257, 8530, 2235, 7707]
20150817 01:34_[8830, 2967, 1963, 4098]
20150817 01:35_[6021, 4711, 8501, 5289]
20150817 01:36_[7445, 4175, 8925, 1973]
20150817 01:37_[9431, 2401, 2772, 3895]
20150817 01:38_[7492, 8219, 2614, 2897]
20150817 01:39_[4260, 2841, 5841, 5607]
20150817 01:40_[4271, 7001, 9488, 4136]
20150817 01:41_[3429, 2847, 3663, 1888]
20150817 01:42_[1383, 9611, 4774, 7764]
20150817 01:43_[3531, 5360, 3353, 4016]
20150817 01:44_[2435, 9067, 1059, 3784]
20150817 01:45_[8179, 6923, 6914, 2239]
20150817 01:46_[6788, 8713, 8205, 3185]
20150817 01:47_[7373, 3120, 8717, 8676]
20150817 01:48_[5788, 6284, 1088, 8198]
20150817 01:49_[2112, 9511, 9690, 5739]
20150817 01:50_[3770, 2705, 8729, 7971]
20150817 01:51_[6667, 2319, 4357, 2068]
20150817 01:52_[4076, 5950, 4716, 6681]
20150817 01:53_[7781, 1208, 7897, 7021]
20150817 01:54_[7655, 7522, 5811, 7181]
20150817 01:55_[6565, 7730, 5768, 3048]
20150817 01:56_[7776, 2528, 1218, 5993]
20150817 01:57_[1328, 8876, 9864, 9578]
20150817 01:58_[8726, 1696, 1952, 2370]
20150817 01:59_[9595, 3568, 9825, 4645]
20150817 02:00_[2415, 5174, 2808, 6588]
20150817 02:01_[4554, 3464, 3586, 3869]
20150817 02:02_[9291, 5159, 7990, 5997]
20150817 02:03_[3246, 3869, 7407, 6339]
20150817 02:04_[1216, 4733, 9728, 8354]
20150817 02:05_[7609, 1125, 1974, 1808]
20150817 02:06_[2520, 6060, 3423, 5604]
20150817 02:07_[6638, 2064, 8031, 9676]
20150817 02:08_[1823, 6531, 3796, 8495]
20150817 02:09_[8711, 5501, 2470, 6601]
20150817 02:10_[5040, 9208, 8209, 7196]
20150817 02:11_[2683, 4020, 6980, 9067]
20150817 02:12_[5319, 7040, 2901, 9237]
20150817 02:13_[1774, 3574, 7415, 3593]
20150817 02:14_[3765, 8451, 6939, 7726]
20150817 02:15_[9542, 8136, 4217, 5794]
20150817 02:16_[3061, 1829, 8143, 5230]
20150817 02:17_[2486, 4249, 3433, 6038]
20150817 02:18_[4776, 9084, 6437, 9995]
20150817 02:19_[1223, 1335, 7167, 4847]
20150817 02:20_[4115, 6950, 6136, 9164]
20150817 02:21_[3193, 6714, 7484, 9465]
20150817 02:22_[5919, 4913, 7432, 4583]
20150817 02:23_[7717, 9469, 1581, 7076]
20150817 02:24_[6706, 3763, 5352, 2640]
20150817 02:25_[5153, 7931, 7674, 9640]
20150817 02:26_[4699, 5836, 1088, 1643]
20150817 02:27_[4256, 6617, 7889, 2081]
20150817 02:28_[1774, 6052, 9502, 6426]
20150817 02:29_[1471, 9403, 1428, 6662]
20150817 02:30_[2193, 9995, 3059, 9787]
20150817 02:31_[4217, 4120, 7629, 3479]
20150817 02:32_[4093, 7144, 1310, 9094]
20150817 02:33_[9960, 5323, 9699, 1687]
20150817 02:34_[5825, 6436, 3708, 4333]
20150817 02:35_[7397, 9813, 9530, 4482]
20150817 02:36_[8662, 3673, 6195, 5948]
20150817 02:37_[9141, 6074, 3674, 2439]
20150817 02:38_[4716, 9580, 3863, 2511]
20150817 02:39_[6716, 2884, 3924, 1405]
20150817 02:40_[3094, 4667, 2730, 6709]
20150817 02:41_[2218, 6741, 8793, 8008]
20150817 02:42_[9624, 8062, 3145, 6277]
20150817 02:43_[3993, 5659, 3342, 2916]
20150817 02:44_[8364, 9815, 9444, 5209]
20150817 02:45_[9043, 3577, 9166, 6648]
20150817 02:46_[5537, 4575, 5882, 1017]
20150817 02:47_[9953, 3252, 1244, 1881]
20150817 02:48_[7567, 8540, 6599, 9350]
20150817 02:49_[9844, 6744, 8959, 6700]
20150817 02:50_[9012, 7545, 6685, 2677]
20150817 02:51_[4962, 5475, 5346, 5276]
20150817 02:52_[4293, 6623, 5950, 7961]
20150817 02:53_[9724, 8336, 6351, 4147]
20150817 02:54_[6526, 7215, 4010, 5271]
20150817 02:55_[9690, 2563, 5026, 6694]
20150817 02:56_[3939, 2299, 6002, 4530]
20150817 02:57_[2746, 4637, 6899, 5087]
20150817 02:58_[9428, 7833, 4325, 9055]
20150817 02:59_[3365, 4103, 1624, 8589]
20150817 03:00_[3684, 3511, 7569, 8113]
20150817 03:01_[6691, 9821, 3888, 3081]
20150817 03:02_[2166, 1221, 2421, 1565]
20150817 03:03_[6587, 5771, 3410, 2595]
20150817 03:04_[9986, 1892, 8723, 7979]
20150817 03:05_[1652, 3036, 3133, 6609]
20150817 03:06_[1726, 2485, 1036, 4342]
20150817 03:07_[3000, 2498, 3794, 7573]
20150817 03:08_[4108, 1676, 7078, 2959]
20150817 03:09_[7819, 4618, 6460, 4429]
20150817 03:10_[6836, 5744, 5856, 1750]
20150817 03:11_[8577, 8003, 5905, 1266]
20150817 03:12_[8102, 9890, 3506, 4136]
20150817 03:13_[7145, 8751, 6136, 9114]
20150817 03:14_[5866, 9621, 4216, 9268]
20150817 03:15_[9614, 9695, 2826, 1977]
20150817 03:16_[2280, 3028, 2033, 5769]
20150817 03:17_[7144, 1663, 6205, 1694]
20150817 03:18_[3898, 9771, 2328, 3175]
20150817 03:19_[1232, 1404, 6366, 3070]
20150817 03:20_[3927, 7402, 4895, 2329]
20150817 03:21_[6507, 3645, 4529, 2500]
20150817 03:22_[6781, 6430, 2772, 3980]
20150817 03:23_[8085, 6421, 3284, 6484]
20150817 03:24_[2678, 7011, 6097, 4125]
20150817 03:25_[2574, 8199, 5150, 9071]
20150817 03:26_[5204, 4084, 2733, 3861]
20150817 03:27_[9740, 8124, 8720, 6375]
20150817 03:28_[6764, 5831, 5466, 3092]
20150817 03:29_[8993, 7871, 9146, 2655]
20150817 03:30_[7931, 1674, 1648, 6539]
20150817 03:31_[6866, 4929, 1506, 5668]
20150817 03:32_[3066, 3784, 5205, 1979]
20150817 03:33_[5323, 5986, 2292, 8232]
20150817 03:34_[6563, 6728, 9449, 8464]
20150817 03:35_[9304, 6513, 3372, 2414]
20150817 03:36_[3901, 4889, 4390, 5617]
20150817 03:37_[1279, 2574, 4971, 2585]
20150817 03:38_[9350, 4256, 8733, 5851]
20150817 03:39_[8297, 3857, 6708, 5897]
20150817 03:40_[2128, 1825, 4972, 9203]
20150817 03:41_[5830, 4936, 8574, 5079]
20150817 03:42_[8726, 1531, 7256, 1027]
20150817 03:43_[1408, 8431, 2474, 3681]
20150817 03:44_[2642, 7949, 1712, 6430]
20150817 03:45_[5278, 1871, 3713, 9167]
20150817 03:46_[9241, 2626, 6577, 6519]
20150817 03:47_[6362, 9203, 9993, 2446]
20150817 03:48_[6346, 7584, 9745, 6062]
20150817 03:49_[8503, 2773, 6457, 2573]
20150817 03:50_[6370, 2162, 8940, 1640]
20150817 03:51_[2566, 6011, 1812, 1931]
20150817 03:52_[4069, 5187, 2661, 2288]
20150817 03:53_[6004, 5637, 5702, 1598]
20150817 03:54_[2750, 4942, 6444, 3555]
20150817 03:55_[6988, 5381, 5836, 8243]
20150817 03:56_[6824, 2159, 7045, 5174]
20150817 03:57_[4174, 1299, 4486, 2837]
20150817 03:58_[4728, 8190, 5666, 8764]
20150817 03:59_[3486, 7978, 8101, 6532]
20150817 04:00_[4164, 5229, 9567, 3274]
20150817 04:01_[1676, 8901, 5554, 7593]
20150817 04:02_[5627, 1963, 8084, 3472]
20150817 04:03_[1883, 2698, 2874, 8661]
20150817 04:04_[2354, 5783, 9782, 2631]
20150817 04:05_[1687, 8745, 9769, 6835]
20150817 04:06_[9501, 2494, 8318, 1117]
20150817 04:07_[4064, 6450, 3810, 5126]
20150817 04:08_[9451, 1521, 9548, 3505]
20150817 04:09_[3282, 8917, 4923, 1560]
20150817 04:10_[2256, 1028, 7274, 4501]
20150817 04:11_[8141, 4778, 4221, 7652]
20150817 04:12_[3284, 5794, 9819, 4389]
20150817 04:13_[9655, 7253, 3468, 6670]
20150817 04:14_[8738, 8379, 3539, 5724]
20150817 04:15_[2920, 8485, 4130, 6005]
20150817 04:16_[3277, 8885, 3363, 2849]
20150817 04:17_[1983, 6001, 8521, 6093]
20150817 04:18_[9641, 6432, 5234, 8157]
20150817 04:19_[9917, 8556, 5701, 5420]
20150817 04:20_[6006, 4239, 6986, 8974]
20150817 04:21_[7513, 3392, 7769, 9624]
20150817 04:22_[7107, 9260, 2803, 9280]
20150817 04:23_[4036, 6334, 4447, 9262]
20150817 04:24_[8189, 8971, 2703, 7963]
20150817 04:25_[5907, 8650, 4746, 9929]
20150817 04:26_[8084, 3121, 3511, 1699]
20150817 04:27_[6538, 2497, 9891, 4696]
20150817 04:28_[9607, 7398, 2417, 3790]
20150817 04:29_[2004, 5190, 7483, 2858]
20150817 04:30_[7532, 7868, 5063, 3578]
20150817 04:31_[5733, 1120, 6974, 4803]
20150817 04:32_[8176, 1575, 1418, 3400]
20150817 04:33_[4549, 1030, 8504, 8212]
20150817 04:34_[8133, 7666, 8580, 8252]
20150817 04:35_[6994, 8979, 9486, 1455]
20150817 04:36_[1610, 6455, 6581, 3621]
20150817 04:37_[8759, 7515, 9357, 6459]
20150817 04:38_[5051, 8180, 7138, 1187]
20150817 04:39_[6145, 9766, 9761, 4855]
20150817 04:40_[3904, 3305, 2777, 5286]
20150817 04:41_[6329, 6353, 9682, 4662]
20150817 04:42_[4723, 8161, 5633, 2996]
20150817 04:43_[4752, 5011, 7362, 8605]
20150817 04:44_[7006, 7221, 4533, 9818]
20150817 04:45_[6340, 7293, 8370, 5221]
20150817 04:46_[1188, 1225, 5535, 2527]
20150817 04:47_[3193, 7137, 1920, 7981]
20150817 04:48_[1058, 5598, 7369, 4215]
20150817 04:49_[8615, 6726, 8427, 1030]
20150817 04:50_[8982, 3144, 6212, 8070]
20150817 04:51_[6867, 7895, 2143, 5477]
20150817 04:52_[5887, 6309, 4849, 6672]
20150817 04:53_[5369, 2888, 4502, 5781]
20150817 04:54_[6572, 6149, 5126, 9631]
20150817 04:55_[3382, 2233, 8213, 2055]
20150817 04:56_[3940, 4612, 3875, 1624]
20150817 04:57_[7969, 6028, 8995, 7418]
20150817 04:58_[2523, 9127, 5542, 3481]
20150817 04:59_[2944, 1458, 1502, 2633]
20150817 05:00_[5621, 8611, 1370, 6803]
20150817 05:01_[9180, 5591, 6639, 1985]
20150817 05:02_[1473, 3274, 1155, 8158]
20150817 05:03_[2078, 6508, 6582, 7967]
20150817 05:04_[1069, 2880, 7162, 2784]
20150817 05:05_[3521, 7369, 6345, 9649]
20150817 05:06_[2588, 5626, 9381, 2988]
20150817 05:07_[7283, 4537, 6056, 1246]
20150817 05:08_[8606, 5036, 2361, 4031]
20150817 05:09_[5736, 3307, 8580, 8802]
20150817 05:10_[7782, 2990, 7946, 1394]
20150817 05:11_[6983, 1920, 8151, 7026]
20150817 05:12_[9445, 9223, 7931, 1934]
20150817 05:13_[3907, 4223, 9636, 8161]
20150817 05:14_[3390, 4987, 4870, 9741]
20150817 05:15_[6625, 8618, 9529, 3692]
20150817 05:16_[5233, 5240, 1827, 5327]
20150817 05:17_[7442, 3308, 4265, 4101]
20150817 05:18_[2037, 3326, 5786, 3356]
20150817 05:19_[5593, 5013, 9957, 1971]
20150817 05:20_[2015, 2068, 7230, 4518]
20150817 05:21_[4390, 5776, 4337, 7351]
20150817 05:22_[3876, 3673, 3844, 3518]
20150817 05:23_[4061, 8793, 7256, 7895]
20150817 05:24_[6488, 1501, 5631, 7200]
20150817 05:25_[9870, 2210, 2684, 8919]
20150817 05:26_[2251, 1195, 2052, 3866]
20150817 05:27_[8300, 1280, 1098, 8010]
20150817 05:28_[5482, 2336, 9663, 4024]
20150817 05:29_[6521, 4939, 9836, 3168]
20150817 05:30_[8724, 7855, 9013, 1357]
20150817 05:31_[9418, 9083, 5281, 2990]
20150817 05:32_[4830, 6406, 4766, 6358]
20150817 05:33_[5683, 3929, 6596, 7111]
20150817 05:34_[3488, 2734, 6620, 7545]
20150817 05:35_[3206, 1383, 1713, 6227]
20150817 05:36_[8322, 8338, 8613, 6322]
20150817 05:37_[8716, 2745, 9803, 9371]
20150817 05:38_[8602, 6277, 4121, 6768]
20150817 05:39_[2191, 9873, 7722, 8640]
20150817 05:40_[2850, 5762, 5867, 7947]
20150817 05:41_[4558, 6213, 1560, 9462]
20150817 05:42_[8801, 9732, 1959, 2772]
20150817 05:43_[4753, 5917, 5039, 2914]
20150817 05:44_[5321, 1285, 4758, 6292]
20150817 05:45_[1620, 1914, 5458, 1236]
20150817 05:46_[5582, 1554, 5396, 6276]
20150817 05:47_[8059, 7462, 9004, 7862]
20150817 05:48_[3115, 1030, 6965, 7631]
20150817 05:49_[7571, 8259, 2116, 3370]
20150817 05:50_[3756, 8237, 1246, 2474]
20150817 05:51_[2788, 1085, 4938, 6776]
20150817 05:52_[6964, 6032, 7937, 7206]
20150817 05:53_[3915, 9586, 2706, 3377]
20150817 05:54_[2062, 8079, 9625, 8941]
20150817 05:55_[6327, 6225, 2734, 8180]
20150817 05:56_[7634, 9878, 1087, 6442]
20150817 05:57_[2857, 4486, 4236, 5829]
20150817 05:58_[5422, 6365, 3831, 8077]
20150817 05:59_[8506, 2137, 6391, 8721]
20150817 06:00_[8175, 4066, 8729, 7201]
20150817 06:01_[1920, 9990, 2648, 2022]
20150817 06:02_[6399, 9713, 5918, 1489]
20150817 06:03_[2675, 7413, 3658, 4052]
20150817 06:04_[5261, 2307, 3459, 5082]
20150817 06:05_[4448, 2596, 7212, 3417]
20150817 06:06_[5137, 7769, 9510, 5819]
20150817 06:07_[7206, 2689, 1516, 2798]
20150817 06:08_[4764, 5920, 5822, 9271]
20150817 06:09_[3202, 7960, 4470, 5483]
20150817 06:10_[6470, 5431, 3700, 7167]
20150817 06:11_[4617, 6252, 6973, 7560]
20150817 06:12_[3480, 7524, 1786, 6365]
20150817 06:13_[1889, 6740, 3485, 4835]
20150817 06:14_[3243, 7028, 7549, 9833]
20150817 06:15_[8790, 8638, 1552, 5533]
20150817 06:16_[8202, 1818, 1013, 4360]
20150817 06:17_[2907, 7341, 4606, 3044]
20150817 06:18_[1864, 8844, 9313, 1437]
20150817 06:19_[7015, 8319, 1309, 5514]
20150817 06:20_[6019, 8892, 5969, 9043]
20150817 06:21_[7482, 2619, 2968, 8630]
20150817 06:22_[9864, 9016, 1545, 2375]
20150817 06:23_[6065, 2539, 2003, 9227]
20150817 06:24_[2498, 3928, 5006, 1495]
20150817 06:25_[7887, 3638, 5697, 3360]
20150817 06:26_[3036, 4007, 6030, 4140]
20150817 06:27_[9448, 9096, 1757, 8419]
20150817 06:28_[2501, 7302, 9688, 5195]
20150817 06:29_[4123, 8781, 3105, 4844]
20150817 06:30_[8797, 3787, 3426, 6985]
20150817 06:31_[9987, 8157, 8201, 7848]
20150817 06:32_[1228, 2046, 9588, 9790]
20150817 06:33_[9281, 7723, 5088, 5339]
20150817 06:34_[1413, 7513, 7357, 8362]
20150817 06:35_[4549, 9667, 3123, 9481]
20150817 06:36_[7002, 4690, 5316, 3067]
20150817 06:37_[1803, 6035, 2698, 9152]
20150817 06:38_[2542, 1048, 1871, 9099]
20150817 06:39_[9864, 2412, 7407, 6938]
20150817 06:40_[5148, 2634, 6676, 2655]
20150817 06:41_[7020, 8108, 9503, 5859]
20150817 06:42_[7064, 1313, 7016, 7517]
20150817 06:43_[2215, 1604, 6236, 5884]
20150817 06:44_[7341, 2637, 1883, 1417]
20150817 06:45_[9002, 2859, 6395, 8052]
20150817 06:46_[4452, 9954, 5990, 5573]
20150817 06:47_[4068, 2158, 5505, 1928]
20150817 06:48_[5791, 1137, 1874, 9222]
20150817 06:49_[8744, 5300, 9749, 4236]
20150817 06:50_[7310, 7449, 6400, 7139]
20150817 06:51_[9396, 9712, 4497, 5327]
20150817 06:52_[5328, 8652, 4910, 9522]
20150817 06:53_[7694, 4237, 2514, 2268]
20150817 06:54_[1000, 4542, 6371, 6831]
20150817 06:55_[9300, 9154, 8615, 5795]
20150817 06:56_[6500, 6828, 1366, 2626]
20150817 06:57_[4145, 5843, 8825, 9139]
20150817 06:58_[7898, 1624, 1592, 6248]
20150817 06:59_[2817, 5230, 7438, 7005]
20150817 07:00_[2781, 1224, 1779, 8896]
20150817 07:01_[9285, 1164, 4077, 5561]
20150817 07:02_[4552, 7595, 6381, 6813]
20150817 07:03_[2196, 1727, 2224, 6752]
20150817 07:04_[9339, 6052, 4510, 4399]
20150817 07:05_[3930, 2523, 2757, 8358]
20150817 07:06_[9807, 2754, 1259, 8421]
20150817 07:07_[1022, 1347, 5439, 1294]
20150817 07:08_[7111, 9658, 1549, 3348]
20150817 07:09_[2991, 2148, 8956, 5637]
20150817 07:10_[5606, 3562, 2772, 3387]
20150817 07:11_[5198, 7046, 6841, 4908]
20150817 07:12_[1246, 7450, 5366, 9469]
20150817 07:13_[9789, 4975, 8610, 2631]
20150817 07:14_[5050, 6527, 1945, 5793]
20150817 07:15_[8197, 5308, 8176, 4387]
20150817 07:16_[5712, 8778, 9035, 7755]
20150817 07:17_[1884, 8948, 6912, 4310]
20150817 07:18_[3765, 4608, 1758, 6989]
20150817 07:19_[7656, 7213, 8742, 5002]
20150817 07:20_[9248, 9679, 9783, 7527]
20150817 07:21_[1434, 3825, 8571, 9052]
20150817 07:22_[6919, 7409, 7254, 1391]
20150817 07:23_[2154, 4732, 5886, 8989]
20150817 07:24_[9578, 4909, 8728, 6616]
20150817 07:25_[8629, 2426, 9645, 8249]
20150817 07:26_[9879, 8229, 7179, 8079]
20150817 07:27_[1039, 2084, 5569, 6009]
20150817 07:28_[6847, 1840, 8179, 9630]
20150817 07:29_[7543, 8107, 3448, 7645]
20150817 07:30_[4450, 2969, 6312, 6352]
20150817 07:31_[1087, 1870, 9854, 4062]
20150817 07:32_[4212, 8306, 7754, 4138]
20150817 07:33_[2099, 4699, 6103, 8379]
20150817 07:34_[1980, 9394, 4874, 6310]
20150817 07:35_[3378, 6264, 2539, 2708]
20150817 07:36_[1561, 1201, 6802, 9304]
20150817 07:37_[6548, 3021, 3331, 1871]
20150817 07:38_[1124, 5396, 1069, 6857]
20150817 07:39_[6082, 1099, 4486, 8666]
20150817 07:40_[4841, 8055, 1670, 7329]
20150817 07:41_[9603, 4556, 5501, 4179]
20150817 07:42_[8837, 4872, 1056, 6894]
20150817 07:43_[4217, 8974, 6074, 4535]
20150817 07:44_[1370, 7549, 7727, 8521]
20150817 07:45_[7768, 8629, 1166, 2446]
20150817 07:46_[9625, 3757, 5623, 7620]
20150817 07:47_[1073, 7484, 1941, 3883]
20150817 07:48_[2916, 9706, 3378, 7005]
20150817 07:49_[3449, 6234, 4573, 3821]
20150817 07:50_[1358, 1728, 3583, 4985]
20150817 07:51_[9139, 5846, 9976, 5293]
20150817 07:52_[9434, 8680, 2713, 1613]
20150817 07:53_[9786, 6986, 2183, 7347]
20150817 07:54_[1186, 6841, 4112, 6095]
20150817 07:55_[4846, 9485, 2738, 7855]
20150817 07:56_[6652, 8799, 9746, 8299]
20150817 07:57_[8634, 7412, 4435, 6088]
20150817 07:58_[4652, 9626, 3296, 3525]
20150817 07:59_[5005, 3709, 3551, 9410]
20150817 08:00_[8842, 6411, 6055, 4325]
20150817 08:01_[3127, 2980, 9704, 9165]
20150817 08:02_[4819, 5051, 4150, 1197]
20150817 08:03_[3459, 6014, 3585, 6777]
20150817 08:04_[1425, 2741, 8754, 7552]
20150817 08:05_[8149, 5244, 1854, 5303]
20150817 08:06_[6253, 3559, 1118, 4243]
20150817 08:07_[9692, 7203, 3149, 5067]
20150817 08:08_[5232, 9277, 5574, 7278]
20150817 08:09_[2500, 7187, 9264, 7606]
20150817 08:10_[6154, 3157, 6927, 2578]
20150817 08:11_[6361, 8356, 9004, 9928]
20150817 08:12_[8364, 5471, 5620, 5890]
20150817 08:13_[5138, 3057, 2921, 8120]
20150817 08:14_[2532, 9652, 9659, 6127]
20150817 08:15_[5795, 2095, 9017, 1678]
20150817 08:16_[4750, 7854, 1130, 9756]
20150817 08:17_[7671, 9942, 3663, 2090]
20150817 08:18_[8949, 5900, 8607, 4949]
20150817 08:19_[9401, 8606, 8139, 5795]
20150817 08:20_[3271, 4112, 5919, 5554]
20150817 08:21_[4508, 5902, 1077, 4692]
20150817 08:22_[9780, 1552, 1250, 9877]
20150817 08:23_[1743, 7592, 5988, 3654]
20150817 08:24_[1087, 6199, 9632, 6435]
20150817 08:25_[9591, 6374, 5386, 9490]
20150817 08:26_[4147, 7509, 6116, 7259]
20150817 08:27_[7602, 2825, 7048, 8518]
20150817 08:28_[8632, 8015, 3481, 6703]
20150817 08:29_[9523, 2984, 6022, 3563]
20150817 08:30_[5624, 8898, 2885, 2051]
20150817 08:31_[9384, 1916, 4696, 1829]
20150817 08:32_[1317, 4512, 4072, 8326]
20150817 08:33_[7696, 9071, 4898, 6019]
20150817 08:34_[4418, 4714, 1506, 4891]
20150817 08:35_[4179, 2253, 3954, 2537]
20150817 08:36_[7560, 8627, 7577, 5158]
20150817 08:37_[1136, 5453, 6843, 5434]
20150817 08:38_[1927, 1920, 7915, 1709]
20150817 08:39_[2512, 3949, 1096, 1439]
20150817 08:40_[2892, 4447, 5610, 7179]
20150817 08:41_[7041, 6840, 7294, 2390]
20150817 08:42_[7040, 5467, 9870, 1129]
20150817 08:43_[8527, 2586, 1778, 8926]
20150817 08:44_[5009, 2796, 6882, 7042]
20150817 08:45_[8358, 9687, 7688, 2584]
20150817 08:46_[9719, 1500, 4028, 2431]
20150817 08:47_[9717, 5228, 6940, 9015]
20150817 08:48_[2548, 1357, 6413, 8730]
20150817 08:49_[6600, 1904, 7573, 4868]
20150817 08:50_[2452, 4708, 1323, 9846]
20150817 08:51_[2830, 6358, 9562, 4039]
20150817 08:52_[3941, 2211, 5259, 3989]
20150817 08:53_[9387, 3700, 1387, 2995]
20150817 08:54_[8702, 1422, 8568, 9891]
20150817 08:55_[2219, 8450, 8519, 7043]
20150817 08:56_[3439, 7593, 1838, 4058]
20150817 08:57_[7913, 6009, 8932, 9339]
20150817 08:58_[6409, 4635, 5855, 8739]
20150817 08:59_[3711, 7594, 8352, 5188]
20150817 09:00_[9531, 8649, 5271, 5953]
20150817 09:01_[9023, 8722, 2299, 8129]
20150817 09:02_[8319, 9863, 3017, 9323]
20150817 09:03_[9960, 4756, 1769, 3561]
20150817 09:04_[2116, 5821, 8133, 8306]
20150817 09:05_[1852, 6393, 7613, 9452]
20150817 09:06_[4406, 5009, 1345, 6580]
20150817 09:07_[5250, 7190, 4354, 5921]
20150817 09:08_[3709, 5595, 1607, 7058]
20150817 09:09_[5600, 9698, 7401, 1027]
20150817 09:10_[4273, 5730, 9743, 7262]
20150817 09:11_[3707, 6072, 4599, 8036]
20150817 09:12_[5878, 7087, 1370, 6240]
20150817 09:13_[9212, 4073, 4635, 7714]
20150817 09:14_[2920, 8657, 7231, 6706]
20150817 09:15_[8224, 4191, 5926, 6228]
20150817 09:16_[5609, 7108, 9518, 3027]
20150817 09:17_[5236, 1536, 1360, 5218]
20150817 09:18_[8269, 7866, 9618, 9663]
20150817 09:19_[5258, 9624, 5278, 2165]
20150817 09:20_[7731, 8051, 4311, 3110]
20150817 09:21_[2357, 5284, 1968, 3055]
20150817 09:22_[9573, 6040, 4290, 8035]
20150817 09:23_[3765, 2949, 1687, 1579]
20150817 09:24_[8625, 6776, 8895, 2939]
20150817 09:25_[6388, 7989, 1032, 9688]
20150817 09:26_[4526, 1381, 3244, 4323]
20150817 09:27_[8742, 4349, 9775, 3076]
20150817 09:28_[4543, 3335, 2978, 6078]
20150817 09:29_[6808, 5911, 4176, 8138]
20150817 09:30_[3992, 8517, 4605, 2002]
20150817 09:31_[3896, 3676, 1849, 6761]
20150817 09:32_[4589, 7432, 5807, 3117]
20150817 09:33_[3491, 3930, 3570, 4305]
20150817 09:34_[6806, 3590, 6518, 3311]
20150817 09:35_[5185, 2502, 6858, 1067]
20150817 09:36_[8357, 3696, 8299, 3280]
20150817 09:37_[8600, 6404, 2977, 5122]
20150817 09:38_[1164, 4701, 3427, 3047]
20150817 09:39_[7143, 9537, 4209, 6813]
20150817 09:40_[4295, 6661, 5984, 6549]
20150817 09:41_[1281, 4995, 1063, 4712]
20150817 09:42_[3941, 9716, 2904, 6468]
20150817 09:43_[9566, 1551, 4179, 6051]
20150817 09:44_[9065, 2445, 7494, 1342]
20150817 09:45_[9995, 1414, 7468, 1339]
20150817 09:46_[7973, 5614, 5933, 6261]
20150817 09:47_[7725, 1021, 2575, 9730]
20150817 09:48_[5887, 6774, 5629, 4146]
20150817 09:49_[2713, 5995, 7453, 8234]
20150817 09:50_[5601, 9753, 1186, 3581]
20150817 09:51_[5427, 5018, 2228, 2033]
20150817 09:52_[2713, 8864, 6810, 9508]
20150817 09:53_[1093, 1894, 5657, 7928]
20150817 09:54_[8705, 8001, 6522, 6937]
20150817 09:55_[3551, 4233, 9623, 6209]
20150817 09:56_[5792, 3985, 1725, 3379]
20150817 09:57_[7016, 4055, 2707, 7659]
20150817 09:58_[4421, 2871, 3323, 6876]
20150817 09:59_[1061, 6758, 6522, 7891]
20150817 10:00_[6355, 9373, 2224, 2514]
20150817 10:01_[7422, 7173, 3356, 8786]
20150817 10:02_[2364, 7980, 1421, 6994]
20150817 10:03_[1560, 9917, 4739, 6196]
20150817 10:04_[3383, 9538, 1112, 2961]
20150817 10:05_[1600, 3660, 9140, 2661]
20150817 10:06_[9256, 8327, 9275, 7701]
20150817 10:07_[8045, 3288, 6068, 4525]
20150817 10:08_[6056, 4547, 3846, 8375]
20150817 10:09_[7606, 3455, 8343, 9156]
20150817 10:10_[2098, 5753, 6699, 6886]
20150817 10:11_[6529, 2166, 4708, 9986]
20150817 10:12_[4611, 1761, 9181, 6541]
20150817 10:13_[1405, 3354, 5191, 9443]
20150817 10:14_[5313, 2879, 4950, 1431]
20150817 10:15_[3868, 4480, 3157, 7680]
20150817 10:16_[5973, 1995, 1758, 1120]
20150817 10:17_[5985, 8616, 6662, 4271]
20150817 10:18_[7413, 3504, 2124, 9569]
20150817 10:19_[9964, 1358, 8120, 1273]
20150817 10:20_[8024, 1338, 5626, 4750]
20150817 10:21_[5891, 2822, 8384, 6445]
20150817 10:22_[7322, 7830, 5898, 1537]
20150817 10:23_[9142, 1865, 4597, 8836]
20150817 10:24_[8210, 9749, 3565, 2274]
20150817 10:25_[3653, 1817, 8005, 7637]
20150817 10:26_[3647, 4158, 8831, 4647]
20150817 10:27_[8068, 7468, 3542, 9243]
20150817 10:28_[3792, 8659, 8106, 3311]
20150817 10:29_[6923, 4845, 7357, 4331]
20150817 10:30_[1338, 8609, 8692, 2907]
20150817 10:31_[2677, 3000, 4060, 2145]
20150817 10:32_[8764, 1694, 8105, 7035]
20150817 10:33_[8041, 2887, 3578, 8514]
20150817 10:34_[5590, 3543, 2170, 5208]
20150817 10:35_[1779, 5698, 8752, 2548]
20150817 10:36_[3849, 7432, 9874, 7727]
20150817 10:37_[2045, 8968, 8677, 2831]
20150817 10:38_[2034, 1817, 2936, 7154]
20150817 10:39_[4292, 9906, 9745, 2023]
20150817 10:40_[8936, 3366, 9913, 5853]
20150817 10:41_[5028, 3104, 8938, 3242]
20150817 10:42_[3445, 2508, 3208, 2275]
20150817 10:43_[8630, 5467, 8726, 2798]
20150817 10:44_[4551, 8578, 1067, 1443]
20150817 10:45_[8131, 6821, 8668, 1405]
20150817 10:46_[3277, 9495, 4919, 4551]
20150817 10:47_[9404, 9626, 1563, 4077]
20150817 10:48_[8095, 8044, 8985, 2909]
20150817 10:49_[2079, 5665, 7349, 6383]
20150817 10:50_[7119, 5168, 9901, 1756]
20150817 10:51_[4896, 1360, 4364, 3616]
20150817 10:52_[3710, 8841, 8872, 4189]
20150817 10:53_[5756, 7711, 7309, 1445]
20150817 10:54_[7014, 4473, 1837, 9756]
20150817 10:55_[5558, 2467, 1332, 9699]
20150817 10:56_[5895, 8155, 3529, 1298]
20150817 10:57_[4676, 4062, 4663, 1454]
20150817 10:58_[5038, 4558, 4654, 7152]
20150817 10:59_[7781, 1679, 8592, 5830]
20150817 11:00_[1912, 8086, 5125, 1664]
20150817 11:01_[7207, 9029, 7385, 3022]
20150817 11:02_[3599, 5339, 2500, 6876]
20150817 11:03_[9289, 4934, 9737, 6929]
20150817 11:04_[2933, 7118, 4659, 6296]
20150817 11:05_[8435, 9581, 7443, 3643]
20150817 11:06_[8080, 5326, 4167, 2371]
20150817 11:07_[3511, 6874, 4673, 3512]
20150817 11:08_[1384, 8421, 2855, 4046]
20150817 11:09_[7499, 7116, 9162, 9291]
20150817 11:10_[3173, 7110, 9364, 3127]
20150817 11:11_[7860, 8430, 3611, 4667]
20150817 11:12_[3810, 7327, 2504, 7693]
20150817 11:13_[4609, 6137, 4916, 3894]
20150817 11:14_[4885, 7197, 6118, 5636]
20150817 11:15_[5511, 5518, 5207, 9334]
20150817 11:16_[8409, 4115, 7554, 1885]
20150817 11:17_[5637, 3742, 7276, 8973]
20150817 11:18_[4210, 6857, 3556, 6558]
20150817 11:19_[4834, 5810, 7769, 2813]
20150817 11:20_[3137, 1016, 8801, 3752]
20150817 11:21_[4318, 2226, 4225, 7031]
20150817 11:22_[9770, 8632, 4871, 3999]
20150817 11:23_[7933, 6558, 1983, 6232]
20150817 11:24_[4293, 1910, 7062, 8784]
20150817 11:25_[2503, 2205, 3476, 4183]
20150817 11:26_[3002, 6716, 6789, 4480]
20150817 11:27_[8759, 9358, 1651, 9179]
20150817 11:28_[5653, 4901, 3242, 9794]
20150817 11:29_[2569, 2360, 3949, 2567]
20150817 11:30_[3109, 4883, 4506, 3058]
20150817 11:31_[7061, 1802, 1316, 4724]
20150817 11:32_[3935, 9363, 2013, 4544]
20150817 11:33_[2759, 6372, 1282, 7337]
20150817 11:34_[6696, 6322, 7013, 6441]
20150817 11:35_[7752, 9228, 3335, 1150]
20150817 11:36_[1888, 5677, 9199, 8579]
20150817 11:37_[6700, 7509, 6526, 2722]
20150817 11:38_[6820, 8218, 2379, 6121]
20150817 11:39_[2417, 7113, 3899, 1765]
20150817 11:40_[5729, 2377, 6165, 8693]
20150817 11:41_[7439, 8019, 6752, 7829]
20150817 11:42_[1839, 8121, 1553, 1625]
20150817 11:43_[4768, 4537, 4860, 9044]
20150817 11:44_[3517, 8840, 1155, 9548]
20150817 11:45_[6859, 8151, 1090, 9836]
20150817 11:46_[9462, 5893, 4267, 7070]
20150817 11:47_[1384, 2960, 8349, 9212]
20150817 11:48_[3728, 2507, 8358, 4588]
20150817 11:49_[9331, 8782, 1035, 2350]
20150817 11:50_[3353, 1025, 4408, 9625]
20150817 11:51_[4543, 4893, 2735, 6532]
20150817 11:52_[7352, 4727, 7080, 3878]
20150817 11:53_[5659, 9202, 5093, 7519]
20150817 11:54_[8890, 3516, 8646, 7494]
20150817 11:55_[6129, 7278, 9579, 2038]
20150817 11:56_[2363, 6802, 2873, 5551]
20150817 11:57_[9019, 8855, 3103, 8540]
20150817 11:58_[7983, 8623, 3467, 4011]
20150817 11:59_[9761, 4910, 7658, 5481]
20150817 12:00_[8869, 4401, 1662, 1277]
20150817 12:01_[8916, 9761, 5168, 5343]
20150817 12:02_[1309, 2955, 6941, 4540]
20150817 12:03_[7464, 3610, 1200, 1038]
20150817 12:04_[3869, 2983, 1367, 7307]
20150817 12:05_[3813, 1432, 8476, 5243]
20150817 12:06_[4505, 2773, 1642, 1344]
20150817 12:07_[7205, 2637, 6262, 9117]
20150817 12:08_[6789, 8144, 4899, 1089]
20150817 12:09_[8492, 2485, 8747, 9502]
20150817 12:10_[3273, 5682, 2923, 2599]
20150817 12:11_[9029, 1055, 8279, 7078]
20150817 12:12_[8177, 1319, 2949, 6205]
20150817 12:13_[1903, 1980, 2942, 1064]
20150817 12:14_[9552, 9609, 9220, 3864]
20150817 12:15_[3311, 7090, 2790, 7896]
20150817 12:16_[5214, 3546, 2504, 3993]
20150817 12:17_[2054, 1277, 8979, 3221]
20150817 12:18_[2347, 5993, 4710, 6739]
20150817 12:19_[2443, 7181, 6624, 2019]
20150817 12:20_[7872, 3044, 8539, 7956]
20150817 12:21_[9986, 6314, 1810, 7369]
20150817 12:22_[1128, 6383, 6297, 6064]
20150817 12:23_[4535, 7025, 3733, 5527]
20150817 12:24_[9848, 2259, 4233, 3098]
20150817 12:25_[3893, 5316, 7475, 1003]
20150817 12:26_[4737, 2287, 3197, 1442]
20150817 12:27_[5598, 4650, 6046, 8218]
20150817 12:28_[7071, 6661, 8591, 9821]
20150817 12:29_[1390, 9738, 5112, 8857]
20150817 12:30_[4186, 3074, 5127, 2634]
20150817 12:31_[5201, 6963, 1238, 2093]
20150817 12:32_[5578, 5383, 3604, 5387]
20150817 12:33_[4223, 2894, 6851, 7005]
20150817 12:34_[6963, 6124, 3910, 4199]
20150817 12:35_[2298, 3973, 4228, 3213]
20150817 12:36_[5612, 3598, 5862, 2004]
20150817 12:37_[6698, 6015, 4802, 1922]
20150817 12:38_[6213, 4259, 5319, 8282]
20150817 12:39_[4921, 3635, 8366, 4919]
20150817 12:40_[7928, 4707, 6408, 3426]
20150817 12:41_[1047, 4661, 7903, 3458]
20150817 12:42_[2333, 2297, 5015, 7998]
20150817 12:43_[2992, 9940, 9523, 4326]
20150817 12:44_[7232, 8437, 6927, 2961]
20150817 12:45_[9423, 2479, 8891, 9290]
20150817 12:46_[6530, 1883, 8069, 5354]
20150817 12:47_[4307, 8005, 3172, 5558]
20150817 12:48_[9711, 8984, 3485, 7297]
20150817 12:49_[4712, 6330, 2717, 1231]
20150817 12:50_[8422, 5077, 1184, 7172]
20150817 12:51_[9764, 2075, 2339, 3588]
20150817 12:52_[7400, 3641, 1663, 2353]
20150817 12:53_[5099, 2078, 9441, 7404]
20150817 12:54_[9937, 7954, 7949, 5209]
20150817 12:55_[2004, 1097, 4799, 2149]
20150817 12:56_[2469, 9065, 1713, 7483]
20150817 12:57_[6406, 3688, 5532, 4557]
20150817 12:58_[9156, 3782, 5087, 6815]
20150817 12:59_[4812, 5461, 3888, 2696]
20150817 13:00_[8898, 8047, 2376, 8703]
20150817 13:01_[8292, 6952, 6440, 9550]
20150817 13:02_[1094, 9037, 6011, 1606]
20150817 13:03_[7002, 6404, 4047, 2500]
20150817 13:04_[6161, 7125, 3848, 4051]
20150817 13:05_[6488, 4357, 6386, 7879]
20150817 13:06_[5823, 3199, 2751, 5533]
20150817 13:07_[5137, 8187, 2831, 5627]
20150817 13:08_[5367, 6010, 8453, 5408]
20150817 13:09_[1846, 7119, 8427, 2973]
20150817 13:10_[9782, 9131, 1463, 8213]
20150817 13:11_[5535, 1979, 9646, 7782]
20150817 13:12_[9230, 2134, 6998, 7963]
20150817 13:13_[8837, 3568, 4331, 8598]
20150817 13:14_[9437, 5122, 3652, 7017]
20150817 13:15_[1155, 3008, 8275, 1993]
20150817 13:16_[6807, 4145, 6466, 4150]
20150817 13:17_[5512, 9671, 2586, 6720]
20150817 13:18_[7645, 1276, 9142, 3752]
20150817 13:19_[3961, 5593, 4730, 9399]
20150817 13:20_[1874, 5600, 8592, 5932]
20150817 13:21_[9904, 6041, 8936, 3738]
20150817 13:22_[8927, 6507, 2188, 8737]
20150817 13:23_[4569, 1984, 6768, 8092]
20150817 13:24_[6659, 9004, 6647, 7928]
20150817 13:25_[6644, 9539, 1340, 2039]
20150817 13:26_[6509, 8798, 4360, 2782]
20150817 13:27_[3127, 5131, 4950, 2263]
20150817 13:28_[4946, 7379, 1915, 1714]
20150817 13:29_[3397, 3800, 3952, 4401]
20150817 13:30_[5436, 3913, 8349, 8944]
20150817 13:31_[1832, 8420, 5953, 7478]
20150817 13:32_[3200, 3527, 7097, 3524]
20150817 13:33_[8834, 5970, 9174, 9649]
20150817 13:34_[7881, 4322, 9231, 3460]
20150817 13:35_[9913, 9565, 6725, 1480]
20150817 13:36_[5331, 5510, 8222, 4935]
20150817 13:37_[8728, 8231, 6580, 7982]
20150817 13:38_[3065, 9329, 2949, 6661]
20150817 13:39_[3900, 5653, 2800, 2233]
20150817 13:40_[6677, 6306, 3679, 4552]
20150817 13:41_[8370, 6676, 2939, 9554]
20150817 13:42_[7608, 6576, 8989, 8858]
20150817 13:43_[8858, 8681, 5784, 2431]
20150817 13:44_[6613, 7569, 2810, 4315]
20150817 13:45_[8546, 3646, 9645, 2780]
20150817 13:46_[9703, 6210, 6492, 7822]
20150817 13:47_[1541, 4893, 9468, 8387]
20150817 13:48_[3658, 8451, 3661, 7902]
20150817 13:49_[9362, 7881, 1479, 6378]
20150817 13:50_[4269, 9634, 1351, 6957]
20150817 13:51_[6877, 9831, 7599, 7777]
20150817 13:52_[9581, 2090, 4953, 5299]
20150817 13:53_[1966, 3054, 2055, 5266]
20150817 13:54_[1728, 6561, 2823, 5883]
20150817 13:55_[1200, 7176, 6141, 7363]
20150817 13:56_[8734, 7246, 5321, 7226]
20150817 13:57_[5055, 3930, 7575, 3915]
20150817 13:58_[5506, 5702, 2728, 7533]
20150817 13:59_[2245, 5706, 8006, 6109]
20150817 14:00_[4280, 9238, 6460, 2765]
20150817 14:01_[8353, 3165, 4430, 5009]
20150817 14:02_[7754, 8328, 1447, 2097]
20150817 14:03_[5581, 3416, 2627, 3367]
20150817 14:04_[1303, 5179, 4669, 8168]
20150817 14:05_[9844, 9204, 6626, 2173]
20150817 14:06_[9798, 7799, 4293, 6934]
20150817 14:07_[3261, 4684, 7847, 6204]
20150817 14:08_[9232, 8295, 4752, 4489]
20150817 14:09_[9492, 8241, 8804, 7122]
20150817 14:10_[4071, 7477, 9323, 8724]
20150817 14:11_[3915, 7351, 1685, 8840]
20150817 14:12_[7187, 6608, 9711, 2488]
20150817 14:13_[5956, 6187, 6173, 3651]
20150817 14:14_[7899, 6925, 5792, 8407]
20150817 14:15_[6817, 8676, 3196, 4981]
20150817 14:16_[8163, 5720, 6571, 1496]
20150817 14:17_[2912, 8926, 6048, 1922]
20150817 14:18_[2461, 6050, 4471, 4587]
20150817 14:19_[5130, 6801, 4936, 1933]
20150817 14:20_[2917, 1589, 1467, 7347]
20150817 14:21_[4148, 4069, 3338, 5362]
20150817 14:22_[6803, 1055, 9398, 4882]
20150817 14:23_[7905, 6856, 9589, 8320]
20150817 14:24_[2665, 7169, 4496, 6350]
20150817 14:25_[2555, 3950, 1969, 1794]
20150817 14:26_[3447, 8102, 2985, 9777]
20150817 14:27_[1433, 2451, 6644, 3782]
20150817 14:28_[6866, 8636, 4014, 6369]
20150817 14:29_[9217, 3821, 6284, 8963]
20150817 14:30_[1098, 6495, 9662, 5101]
20150817 14:31_[8212, 5021, 2217, 1035]
20150817 14:32_[2750, 4131, 6860, 1745]
20150817 14:33_[2601, 9953, 5669, 2030]
20150817 14:34_[8227, 6565, 4582, 2263]
20150817 14:35_[2988, 5770, 8314, 6043]
20150817 14:36_[4596, 3617, 9421, 3281]
20150817 14:37_[5181, 8555, 7626, 4595]
20150817 14:38_[8486, 9095, 1944, 5129]
20150817 14:39_[8292, 4074, 4063, 9121]
20150817 14:40_[8638, 1312, 2384, 2946]
20150817 14:41_[1769, 4964, 6082, 2412]
20150817 14:42_[5354, 5647, 4842, 9212]
20150817 14:43_[2250, 4588, 7671, 7031]
20150817 14:44_[7771, 4861, 7264, 3346]
20150817 14:45_[4490, 1173, 7745, 5494]
20150817 14:46_[3385, 1771, 4397, 9585]
20150817 14:47_[3799, 4937, 7754, 2933]
20150817 14:48_[5978, 7268, 1231, 5138]
20150817 14:49_[6586, 9640, 8663, 2344]
20150817 14:50_[8568, 4950, 2066, 8800]
20150817 14:51_[7827, 3452, 3428, 7710]
20150817 14:52_[2460, 1658, 1570, 8356]
20150817 14:53_[7243, 3515, 4912, 1544]
20150817 14:54_[2384, 3790, 1257, 5255]
20150817 14:55_[6642, 6819, 7537, 5032]
20150817 14:56_[2412, 1596, 9229, 6141]
20150817 14:57_[9616, 4689, 1173, 4123]
20150817 14:58_[8721, 3201, 7217, 9345]
20150817 14:59_[6841, 8184, 4200, 4522]
20150817 15:00_[1235, 5832, 6605, 9161]
20150817 15:01_[5395, 4663, 1794, 2072]
20150817 15:02_[4428, 6331, 3124, 3910]
20150817 15:03_[6201, 8860, 6966, 9220]
20150817 15:04_[1772, 7006, 8817, 3301]
20150817 15:05_[7876, 8001, 7682, 7238]
20150817 15:06_[6147, 6677, 1104, 2336]
20150817 15:07_[1281, 7949, 5341, 3545]
20150817 15:08_[7247, 2887, 8937, 4104]
20150817 15:09_[6422, 3412, 5356, 6957]
20150817 15:10_[2372, 4538, 4975, 4747]
20150817 15:11_[4791, 2834, 6914, 3190]
20150817 15:12_[2244, 8719, 6839, 4719]
20150817 15:13_[8748, 7446, 1841, 4777]
20150817 15:14_[9597, 4384, 2191, 5137]
20150817 15:15_[2270, 9082, 9628, 5593]
20150817 15:16_[4766, 8950, 7681, 4694]
20150817 15:17_[3060, 6266, 8645, 3871]
20150817 15:18_[6033, 2238, 7390, 9672]
20150817 15:19_[8560, 3252, 2361, 3796]
20150817 15:20_[6691, 8609, 1401, 2584]
20150817 15:21_[5630, 8942, 4895, 2593]
20150817 15:22_[3167, 9749, 8609, 1433]
20150817 15:23_[4374, 8824, 3262, 2172]
20150817 15:24_[6594, 3011, 1819, 1287]
20150817 15:25_[4127, 5039, 6819, 8809]
20150817 15:26_[8928, 6982, 3902, 5987]
20150817 15:27_[1205, 3651, 3702, 3529]
20150817 15:28_[4749, 3233, 1443, 7540]
20150817 15:29_[5743, 1039, 6474, 7735]
20150817 15:30_[6757, 7688, 8310, 6307]
20150817 15:31_[3966, 4850, 1903, 8644]
20150817 15:32_[5489, 8353, 4284, 6605]
20150817 15:33_[8178, 7970, 2798, 1983]
20150817 15:34_[2100, 1925, 4913, 4332]
20150817 15:35_[4987, 5570, 2215, 2561]
20150817 15:36_[4969, 8495, 9462, 8976]
20150817 15:37_[3030, 9299, 8769, 9839]
20150817 15:38_[8474, 3849, 4339, 5521]
20150817 15:39_[9738, 5612, 3991, 9856]
20150817 15:40_[6272, 1859, 5166, 8924]
20150817 15:41_[5100, 6987, 3732, 4200]
20150817 15:42_[1648, 4674, 7503, 8136]
20150817 15:43_[6278, 8522, 2551, 6558]
20150817 15:44_[9903, 4928, 9141, 6372]
20150817 15:45_[9536, 5111, 3529, 3725]
20150817 15:46_[4743, 7275, 3371, 3640]
20150817 15:47_[9482, 9147, 3320, 5874]
20150817 15:48_[4801, 9265, 5063, 2409]
20150817 15:49_[2148, 8461, 8283, 2741]
20150817 15:50_[9963, 5518, 3915, 5250]
20150817 15:51_[8362, 1089, 6288, 4422]
20150817 15:52_[9643, 1086, 2516, 3496]
20150817 15:53_[5894, 2404, 1197, 6472]
20150817 15:54_[2091, 1171, 1618, 8195]
20150817 15:55_[4801, 3412, 8013, 3268]
20150817 15:56_[6202, 5484, 6407, 4185]
20150817 15:57_[9098, 7015, 2550, 6717]
20150817 15:58_[8841, 7678, 8469, 4044]
20150817 15:59_[8840, 4449, 2644, 2763]
20150817 16:00_[5389, 3195, 1998, 9003]
20150817 16:01_[5461, 9095, 5313, 3182]
20150817 16:02_[4376, 5775, 2827, 1126]
20150817 16:03_[7562, 7464, 6589, 8972]
20150817 16:04_[6002, 1204, 2168, 8174]
20150817 16:05_[6517, 4875, 3779, 9014]
20150817 16:06_[2006, 4853, 5351, 3456]
20150817 16:07_[2552, 4183, 4582, 9292]
20150817 16:08_[9733, 6831, 2252, 8467]
20150817 16:09_[3805, 8395, 5369, 5385]
20150817 16:10_[8146, 1588, 7240, 5724]
20150817 16:11_[9981, 3487, 2582, 4751]
20150817 16:12_[5024, 9942, 5119, 3428]
20150817 16:13_[8818, 9833, 4449, 1049]
20150817 16:14_[8093, 7447, 1878, 4114]
20150817 16:15_[9858, 5145, 5020, 6902]
20150817 16:16_[7391, 1208, 8432, 9393]
20150817 16:17_[4533, 4716, 9395, 7803]
20150817 16:18_[9072, 6081, 2533, 6704]
20150817 16:19_[9179, 8129, 4951, 9068]
20150817 16:20_[5109, 5690, 7243, 2064]
20150817 16:21_[1652, 4418, 2446, 9943]
20150817 16:22_[6583, 2018, 6933, 3002]
20150817 16:23_[3712, 7069, 8801, 3736]
20150817 16:24_[6688, 7126, 8489, 7958]
20150817 16:25_[5272, 3167, 1857, 3147]
20150817 16:26_[6408, 6578, 1438, 9479]
20150817 16:27_[2531, 9500, 2191, 1089]
20150817 16:28_[1426, 9142, 8953, 9372]
20150817 16:29_[5311, 7443, 8870, 4670]
20150817 16:30_[4536, 9606, 4050, 9772]
20150817 16:31_[6843, 9584, 5578, 7663]
20150817 16:32_[4017, 4546, 9513, 6079]
20150817 16:33_[5180, 2019, 5658, 7387]
20150817 16:34_[9484, 2634, 9437, 4195]
20150817 16:35_[4928, 1887, 5687, 7236]
20150817 16:36_[6581, 5908, 9344, 5429]
20150817 16:37_[3013, 6582, 4793, 8071]
20150817 16:38_[9335, 2440, 6056, 3693]
20150817 16:39_[1300, 8569, 9800, 9170]
20150817 16:40_[3874, 8597, 7316, 6964]
20150817 16:41_[9872, 3069, 5497, 2728]
20150817 16:42_[4975, 5912, 3061, 6443]
20150817 16:43_[6695, 1606, 4747, 5429]
20150817 16:44_[3060, 7921, 6584, 2036]
20150817 16:45_[3105, 2709, 6550, 6406]
20150817 16:46_[6863, 9509, 3093, 2515]
20150817 16:47_[8897, 8060, 9826, 3020]
20150817 16:48_[3967, 7472, 5154, 7847]
20150817 16:49_[7177, 9955, 2905, 9135]
20150817 16:50_[7213, 4421, 8349, 9068]
20150817 16:51_[3646, 3974, 3714, 3268]
20150817 16:52_[1974, 7654, 8636, 4897]
20150817 16:53_[9493, 8760, 5080, 7960]
20150817 16:54_[6556, 4372, 9599, 8461]
20150817 16:55_[1650, 3304, 7076, 5330]
20150817 16:56_[6927, 9836, 1483, 5413]
20150817 16:57_[7943, 5065, 5447, 3966]
20150817 16:58_[4630, 8766, 7974, 9175]
20150817 16:59_[2154, 4954, 2884, 7004]
20150817 17:00_[9407, 5935, 2793, 7594]
20150817 17:01_[5294, 2893, 9640, 5018]
20150817 17:02_[1019, 1527, 2622, 7499]
20150817 17:03_[2188, 6820, 9174, 9237]
20150817 17:04_[3741, 3413, 4178, 4754]
20150817 17:05_[6252, 6951, 8581, 7092]
20150817 17:06_[5769, 5146, 1234, 3285]
20150817 17:07_[2094, 3489, 7496, 6942]
20150817 17:08_[5071, 5841, 1726, 2466]
20150817 17:09_[6780, 1659, 5476, 7337]
20150817 17:10_[3168, 1221, 5404, 8782]
20150817 17:11_[4989, 7064, 1342, 6472]
20150817 17:12_[7087, 2802, 3186, 7497]
20150817 17:13_[2262, 6455, 3152, 4614]
20150817 17:14_[3271, 2485, 9359, 3524]
20150817 17:15_[9849, 1937, 8782, 6936]
20150817 17:16_[7338, 3946, 5579, 1271]
20150817 17:17_[3362, 7383, 8095, 3752]
20150817 17:18_[1425, 7476, 5611, 5291]
20150817 17:19_[2856, 8789, 9162, 9477]
20150817 17:20_[9946, 5973, 6731, 5767]
20150817 17:21_[9147, 9322, 1184, 9361]
20150817 17:22_[4508, 4668, 6778, 7817]
20150817 17:23_[7281, 3483, 5771, 9359]
20150817 17:24_[8434, 9936, 1010, 6140]
20150817 17:25_[2536, 4692, 3131, 7402]
20150817 17:26_[4105, 4627, 5498, 3216]
20150817 17:27_[2008, 4397, 9871, 4811]
20150817 17:28_[9150, 7153, 5932, 8385]
20150817 17:29_[7808, 6791, 7955, 4593]
20150817 17:30_[2835, 3515, 4372, 1461]
20150817 17:31_[9336, 2496, 3199, 5561]
20150817 17:32_[3132, 2784, 2800, 2985]
20150817 17:33_[5400, 1420, 9371, 5666]
20150817 17:34_[8412, 6418, 3786, 4507]
20150817 17:35_[7153, 5309, 2490, 3856]
20150817 17:36_[7642, 1277, 2632, 8635]
20150817 17:37_[7920, 3053, 8783, 3609]
20150817 17:38_[9665, 9055, 3591, 2519]
20150817 17:39_[5761, 4950, 8294, 7853]
20150817 17:40_[2947, 3531, 8523, 1341]
20150817 17:41_[7144, 9625, 1993, 3177]
20150817 17:42_[3014, 4009, 8161, 9408]
20150817 17:43_[2028, 4627, 1517, 8529]
20150817 17:44_[3867, 6629, 1334, 3679]
20150817 17:45_[1442, 7993, 8304, 3774]
20150817 17:46_[8988, 2615, 6816, 8917]
20150817 17:47_[8885, 4385, 3503, 6412]
20150817 17:48_[8664, 2161, 9048, 9105]
20150817 17:49_[4457, 2306, 1838, 5503]
20150817 17:50_[1165, 6344, 3468, 8460]
20150817 17:51_[2439, 7693, 7834, 3987]
20150817 17:52_[8068, 1100, 6305, 6631]
20150817 17:53_[8543, 5014, 4073, 6574]
20150817 17:54_[4228, 9925, 1519, 5778]
20150817 17:55_[2238, 4639, 1209, 5897]
20150817 17:56_[4084, 4011, 2222, 7373]
20150817 17:57_[7704, 9705, 3286, 8206]
20150817 17:58_[8905, 4559, 2604, 1112]
20150817 17:59_[7693, 7615, 5584, 5216]
20150817 18:00_[9063, 8933, 1211, 2434]
20150817 18:01_[4915, 7651, 1154, 4063]
20150817 18:02_[3794, 2391, 5003, 8279]
20150817 18:03_[5162, 8687, 8583, 5721]
20150817 18:04_[5426, 5462, 8380, 6345]
20150817 18:05_[4807, 5789, 9028, 2238]
20150817 18:06_[2432, 4219, 8314, 4879]
20150817 18:07_[6222, 7246, 8360, 4450]
20150817 18:08_[5921, 6284, 8827, 3223]
20150817 18:09_[4793, 7186, 7482, 9868]
20150817 18:10_[9182, 5039, 7775, 2047]
20150817 18:11_[8201, 4439, 1500, 6987]
20150817 18:12_[7689, 8298, 4257, 9847]
20150817 18:13_[1212, 6059, 7581, 9515]
20150817 18:14_[5487, 8554, 2035, 2010]
20150817 18:15_[6511, 4842, 1555, 3186]
20150817 18:16_[2590, 5733, 5111, 9820]
20150817 18:17_[4270, 2571, 3824, 2192]
20150817 18:18_[4061, 7630, 7523, 8268]
20150817 18:19_[1311, 2042, 4457, 5072]
20150817 18:20_[7125, 6512, 6779, 2326]
20150817 18:21_[9248, 4816, 8059, 3075]
20150817 18:22_[4303, 7782, 8855, 7845]
20150817 18:23_[6541, 8956, 5188, 7367]
20150817 18:24_[3260, 9081, 8898, 7401]
20150817 18:25_[4304, 9906, 5262, 1741]
20150817 18:26_[6320, 8592, 5713, 2117]
20150817 18:27_[3423, 8139, 2266, 5131]
20150817 18:28_[5618, 1096, 6345, 5121]
20150817 18:29_[8029, 3511, 4079, 6034]
20150817 18:30_[3655, 4890, 3076, 4861]
20150817 18:31_[4027, 6054, 5031, 4335]
20150817 18:32_[1396, 7773, 6747, 7961]
20150817 18:33_[8561, 1613, 8308, 7227]
20150817 18:34_[3384, 2686, 4642, 3707]
20150817 18:35_[7104, 5791, 6101, 4106]
20150817 18:36_[8299, 2313, 2601, 6413]
20150817 18:37_[9840, 4852, 6432, 2134]
20150817 18:38_[5152, 1006, 4098, 2092]
20150817 18:39_[9077, 7961, 1487, 2976]
20150817 18:40_[5314, 5694, 7901, 6769]
20150817 18:41_[7418, 8290, 1027, 5657]
20150817 18:42_[3655, 8060, 2941, 5137]
20150817 18:43_[2500, 4662, 7579, 2738]
20150817 18:44_[5764, 1966, 6079, 8204]
20150817 18:45_[5753, 6718, 5101, 1099]
20150817 18:46_[3194, 1903, 7858, 6739]
20150817 18:47_[3086, 3124, 7514, 9984]
20150817 18:48_[7904, 8976, 5721, 9152]
20150817 18:49_[3395, 6517, 1641, 3545]
20150817 18:50_[4790, 1693, 5851, 8688]
20150817 18:51_[9381, 4899, 1764, 6714]
20150817 18:52_[6236, 5920, 3616, 3677]
20150817 18:53_[6219, 2052, 1728, 4737]
20150817 18:54_[6901, 9260, 8530, 7312]
20150817 18:55_[8410, 8861, 2182, 3857]
20150817 18:56_[9646, 4372, 9915, 5568]
20150817 18:57_[2845, 7435, 1655, 6446]
20150817 18:58_[9440, 8157, 4276, 8983]
20150817 18:59_[3215, 4766, 5214, 5148]
20150817 19:00_[3879, 9467, 2775, 1026]
20150817 19:01_[1440, 5851, 3907, 9031]
20150817 19:02_[8903, 2563, 4739, 3889]
20150817 19:03_[4908, 2761, 3259, 4219]
20150817 19:04_[3910, 9609, 6104, 3059]
20150817 19:05_[5173, 5107, 1159, 3571]
20150817 19:06_[9369, 2583, 4697, 1171]
20150817 19:07_[9607, 3421, 4822, 8204]
20150817 19:08_[3182, 6139, 6156, 5328]
20150817 19:09_[5663, 8361, 9800, 7494]
20150817 19:10_[5944, 7849, 3693, 8406]
20150817 19:11_[6635, 5498, 1080, 2982]
20150817 19:12_[5497, 1537, 9111, 1360]
20150817 19:13_[5983, 2022, 1524, 7259]
20150817 19:14_[5915, 1724, 5608, 6155]
20150817 19:15_[6753, 3649, 7547, 2690]
20150817 19:16_[7819, 9576, 2648, 1274]
20150817 19:17_[3408, 3559, 1684, 4844]
20150817 19:18_[7713, 1011, 1372, 8728]
20150817 19:19_[4911, 4053, 7613, 6488]
20150817 19:20_[9237, 7289, 4908, 2044]
20150817 19:21_[8737, 9969, 9775, 5465]
20150817 19:22_[6772, 5076, 9113, 6952]
20150817 19:23_[8002, 8149, 8366, 9627]
20150817 19:24_[9756, 5281, 7596, 7625]
20150817 19:25_[3738, 9688, 4588, 1556]
20150817 19:26_[1462, 9166, 8170, 3854]
20150817 19:27_[9571, 2873, 2738, 6220]
20150817 19:28_[9202, 9388, 5783, 8603]
20150817 19:29_[8986, 7078, 2795, 1298]
20150817 19:30_[5538, 4351, 9787, 8411]
20150817 19:31_[3723, 1505, 1399, 3143]
20150817 19:32_[8053, 3423, 5050, 1408]
20150817 19:33_[2099, 5217, 8052, 3914]
20150817 19:34_[9081, 3933, 3744, 5616]
20150817 19:35_[3947, 4877, 3819, 3318]
20150817 19:36_[8075, 3963, 4048, 1281]
20150817 19:37_[7122, 6378, 3187, 1074]
20150817 19:38_[6744, 7253, 8814, 8250]
20150817 19:39_[1218, 8188, 1865, 1877]
20150817 19:40_[7041, 5530, 8879, 6753]
20150817 19:41_[2046, 3504, 5020, 7898]
20150817 19:42_[5310, 5036, 7220, 6250]
20150817 19:43_[3566, 3306, 6342, 5367]
20150817 19:44_[7774, 1706, 3929, 3198]
20150817 19:45_[3997, 5476, 1122, 2180]
20150817 19:46_[4674, 9349, 6125, 2804]
20150817 19:47_[3531, 8447, 9922, 3362]
20150817 19:48_[9644, 9500, 7145, 7833]
20150817 19:49_[2531, 1284, 9049, 3130]
20150817 19:50_[7726, 5226, 5502, 3784]
20150817 19:51_[3219, 8886, 1675, 3492]
20150817 19:52_[6428, 7252, 6788, 4722]
20150817 19:53_[6974, 8617, 3583, 6247]
20150817 19:54_[3844, 3962, 1362, 2401]
20150817 19:55_[1413, 7320, 5032, 8141]
20150817 19:56_[5413, 8253, 7489, 8136]
20150817 19:57_[3039, 6193, 2514, 6819]
20150817 19:58_[5866, 7127, 9499, 2202]
20150817 19:59_[9211, 7791, 7575, 9819]
20150817 20:00_[2732, 7012, 4985, 3036]
20150817 20:01_[6876, 5095, 8170, 6091]
20150817 20:02_[2136, 8003, 4856, 8376]
20150817 20:03_[5056, 5903, 4651, 8671]
20150817 20:04_[8431, 5582, 9049, 6015]
20150817 20:05_[5100, 8675, 8984, 7443]
20150817 20:06_[7578, 3902, 3171, 1092]
20150817 20:07_[1065, 1485, 8573, 9123]
20150817 20:08_[3316, 3763, 4950, 3846]
20150817 20:09_[4138, 4607, 6607, 2004]
20150817 20:10_[3581, 4433, 7988, 1108]
20150817 20:11_[6446, 9900, 6551, 6380]
20150817 20:12_[5116, 2489, 8637, 8325]
20150817 20:13_[2060, 9872, 2818, 1546]
20150817 20:14_[1738, 3278, 7721, 3818]
20150817 20:15_[5544, 5996, 8987, 1282]
20150817 20:16_[8113, 7097, 5847, 1037]
20150817 20:17_[9948, 2491, 5700, 8008]
20150817 20:18_[8859, 9954, 1135, 5178]
20150817 20:19_[7577, 6321, 7801, 6812]
20150817 20:20_[9338, 1215, 9453, 9835]
20150817 20:21_[6133, 7845, 2654, 3836]
20150817 20:22_[2726, 6872, 7676, 1352]
20150817 20:23_[8710, 3325, 5934, 5113]
20150817 20:24_[4262, 6561, 7989, 2142]
20150817 20:25_[8900, 7157, 8192, 6491]
20150817 20:26_[3338, 9192, 7211, 4522]
20150817 20:27_[2578, 7875, 2506, 3847]
20150817 20:28_[6740, 6277, 3586, 3814]
20150817 20:29_[4366, 5193, 1781, 1504]
20150817 20:30_[3082, 2794, 1611, 1843]
20150817 20:31_[2320, 2263, 3874, 8716]
20150817 20:32_[7087, 6472, 5815, 6829]
20150817 20:33_[1281, 4070, 2093, 3100]
20150817 20:34_[9646, 6483, 6272, 4036]
20150817 20:35_[6328, 2686, 2434, 8713]
20150817 20:36_[6413, 3173, 3875, 3112]
20150817 20:37_[6584, 6405, 4092, 1550]
20150817 20:38_[5986, 3638, 6956, 9030]
20150817 20:39_[9798, 6024, 4730, 9293]
20150817 20:40_[8249, 5858, 4295, 1068]
20150817 20:41_[2968, 8855, 4735, 5735]
20150817 20:42_[7676, 1553, 7224, 4151]
20150817 20:43_[2057, 4779, 4108, 5787]
20150817 20:44_[2232, 2226, 4573, 3977]
20150817 20:45_[1569, 9899, 9990, 6139]
20150817 20:46_[8397, 9703, 1275, 5760]
20150817 20:47_[9446, 1396, 7260, 9359]
20150817 20:48_[2048, 3234, 9241, 4857]
20150817 20:49_[9314, 3745, 9599, 5285]
20150817 20:50_[5696, 6739, 4258, 8093]
20150817 20:51_[3562, 3008, 1795, 5941]
20150817 20:52_[6367, 9455, 2108, 2606]
20150817 20:53_[3404, 7435, 5969, 7886]
20150817 20:54_[6627, 3370, 9677, 8864]
20150817 20:55_[4958, 9476, 4767, 4980]
20150817 20:56_[4376, 2323, 7878, 9984]
20150817 20:57_[3244, 3683, 2605, 4971]
20150817 20:58_[7432, 1060, 5332, 1444]
20150817 20:59_[4162, 2866, 9964, 8230]
20150817 21:00_[7103, 6767, 3235, 4065]
20150817 21:01_[3623, 3331, 3180, 2940]
20150817 21:02_[4362, 7173, 8474, 2212]
20150817 21:03_[4085, 6580, 2073, 1373]
20150817 21:04_[7196, 2085, 1139, 7015]
20150817 21:05_[5512, 9701, 9575, 9775]
20150817 21:06_[6186, 6699, 9486, 2089]
20150817 21:07_[6784, 9848, 6829, 9591]
20150817 21:08_[3082, 8046, 6752, 8926]
20150817 21:09_[4581, 2057, 2686, 5881]
20150817 21:10_[2047, 5454, 9236, 4604]
20150817 21:11_[3547, 6317, 7511, 2773]
20150817 21:12_[6493, 9245, 5355, 6239]
20150817 21:13_[3435, 1492, 5814, 4248]
20150817 21:14_[5186, 2789, 4214, 3986]
20150817 21:15_[4420, 1661, 3370, 5939]
20150817 21:16_[1592, 4123, 7860, 4445]
20150817 21:17_[5729, 4246, 7295, 5660]
20150817 21:18_[1669, 9560, 3069, 1088]
20150817 21:19_[1405, 6077, 5587, 3662]
20150817 21:20_[9028, 1198, 5881, 3374]
20150817 21:21_[8439, 9069, 6645, 1064]
20150817 21:22_[9642, 9781, 6281, 8592]
20150817 21:23_[9259, 2119, 4245, 7975]
20150817 21:24_[2178, 4403, 4861, 1037]
20150817 21:25_[4737, 3817, 2195, 8292]
20150817 21:26_[6918, 9419, 9402, 9828]
20150817 21:27_[1761, 5688, 4029, 9657]
20150817 21:28_[3076, 6478, 8425, 3366]
20150817 21:29_[6814, 2653, 4547, 6556]
20150817 21:30_[7667, 1085, 3124, 8181]
20150817 21:31_[1562, 2043, 9557, 3246]
20150817 21:32_[7375, 5125, 6913, 9264]
20150817 21:33_[2357, 1077, 8597, 8334]
20150817 21:34_[2559, 5118, 4839, 2841]
20150817 21:35_[2507, 2452, 1104, 1101]
20150817 21:36_[2562, 9999, 2435, 8848]
20150817 21:37_[5790, 1918, 2092, 2646]
20150817 21:38_[2133, 6720, 4518, 6397]
20150817 21:39_[1860, 8504, 6514, 6918]
20150817 21:40_[9731, 4825, 5790, 5019]
20150817 21:41_[6716, 1845, 3783, 4214]
20150817 21:42_[6100, 7219, 7855, 2534]
20150817 21:43_[9423, 2633, 4924, 3273]
20150817 21:44_[6838, 2266, 8487, 4342]
20150817 21:45_[6056, 8107, 8554, 9061]
20150817 21:46_[7811, 2636, 4091, 5322]
20150817 21:47_[4648, 9167, 2922, 9325]
20150817 21:48_[8263, 5513, 7153, 7285]
20150817 21:49_[7629, 3561, 3583, 1273]
20150817 21:50_[7436, 2170, 7678, 5840]
20150817 21:51_[8368, 9729, 2067, 4202]
20150817 21:52_[3330, 2844, 2950, 1130]
20150817 21:53_[3654, 1749, 8863, 1887]
20150817 21:54_[8231, 8279, 8586, 7148]
20150817 21:55_[2340, 4409, 4111, 3119]
20150817 21:56_[7973, 6410, 6953, 9376]
20150817 21:57_[6839, 2329, 9095, 2496]
20150817 21:58_[1195, 7030, 2606, 1534]
20150817 21:59_[3193, 1886, 7439, 4116]
20150817 22:00_[9842, 5872, 7795, 3162]
20150817 22:01_[6808, 8694, 7486, 7043]
20150817 22:02_[5555, 2340, 9156, 6578]
20150817 22:03_[1276, 9387, 1088, 1333]
20150817 22:04_[1189, 4773, 7935, 6973]
20150817 22:05_[7391, 6337, 2077, 4438]
20150817 22:06_[8332, 7422, 8321, 8416]
20150817 22:07_[1349, 7929, 6554, 8924]
20150817 22:08_[9599, 8368, 7507, 6541]
20150817 22:09_[2011, 3211, 1683, 4098]
20150817 22:10_[2566, 5692, 8345, 7788]
20150817 22:11_[7936, 9609, 5303, 3987]
20150817 22:12_[1349, 1075, 4503, 9690]
20150817 22:13_[3468, 1623, 1798, 9299]
20150817 22:14_[3329, 5177, 6358, 3206]
20150817 22:15_[1911, 9362, 2453, 7879]
20150817 22:16_[6997, 5610, 4657, 1414]
20150817 22:17_[7964, 6446, 4441, 2826]
20150817 22:18_[4855, 8103, 7023, 4878]
20150817 22:19_[2636, 6251, 2696, 8180]
20150817 22:20_[6292, 4060, 7534, 3179]
20150817 22:21_[4485, 1362, 9196, 7328]
20150817 22:22_[9579, 8732, 4107, 2852]
20150817 22:23_[9298, 4121, 4317, 3016]
20150817 22:24_[5991, 6201, 1434, 2281]
20150817 22:25_[3682, 1937, 2143, 7621]
20150817 22:26_[2673, 4505, 1322, 4028]
20150817 22:27_[8632, 9502, 4647, 1084]
20150817 22:28_[1034, 3189, 5431, 4134]
20150817 22:29_[1235, 4782, 1917, 7451]
20150817 22:30_[6010, 8021, 6248, 1982]
20150817 22:31_[4338, 1604, 6727, 2723]
20150817 22:32_[8504, 2502, 4581, 3357]
20150817 22:33_[4541, 4638, 1279, 7345]
20150817 22:34_[9392, 4117, 6762, 4926]
20150817 22:35_[7848, 7433, 1062, 8672]
20150817 22:36_[6369, 5719, 5705, 8906]
20150817 22:37_[7403, 2601, 3212, 9264]
20150817 22:38_[7896, 8558, 5897, 8403]
20150817 22:39_[6778, 8320, 2602, 2712]
20150817 22:40_[1929, 8827, 6258, 8475]
20150817 22:41_[1437, 2582, 1837, 5987]
20150817 22:42_[2897, 9962, 7380, 6319]
20150817 22:43_[8325, 4489, 4333, 1777]
20150817 22:44_[9956, 1356, 2349, 8007]
20150817 22:45_[2384, 5233, 2998, 6688]
20150817 22:46_[3975, 1682, 4611, 1327]
20150817 22:47_[4615, 9491, 5763, 1471]
20150817 22:48_[3248, 1214, 1351, 8064]
20150817 22:49_[1499, 5203, 6136, 7129]
20150817 22:50_[6613, 3887, 7763, 4349]
20150817 22:51_[3660, 6351, 2605, 9006]
20150817 22:52_[7906, 9563, 1474, 9800]
20150817 22:53_[7617, 5819, 1785, 3075]
20150817 22:54_[2462, 6510, 5369, 7543]
20150817 22:55_[9056, 3656, 1150, 1125]
20150817 22:56_[2299, 6570, 4950, 6391]
20150817 22:57_[2017, 4634, 4395, 6172]
20150817 22:58_[1094, 1212, 2592, 9238]
20150817 22:59_[5014, 8154, 7373, 3811]
20150817 23:00_[2792, 7277, 1722, 7999]
20150817 23:01_[1496, 6891, 6136, 1375]
20150817 23:02_[1393, 7906, 4164, 4956]
20150817 23:03_[6374, 1082, 6714, 3584]
20150817 23:04_[1692, 1034, 5228, 6013]
20150817 23:05_[7768, 4251, 6315, 3390]
20150817 23:06_[6277, 1425, 4154, 9703]
20150817 23:07_[1542, 4442, 7935, 6603]
20150817 23:08_[6201, 7337, 4357, 3800]
20150817 23:09_[1929, 7107, 3445, 1640]
20150817 23:10_[8422, 1068, 6168, 9386]
20150817 23:11_[4592, 1090, 6747, 3267]
20150817 23:12_[5561, 6951, 2856, 3521]
20150817 23:13_[1791, 2241, 4729, 7309]
20150817 23:14_[4970, 5072, 3812, 5874]
20150817 23:15_[9459, 9863, 6359, 4285]
20150817 23:16_[9237, 1231, 9410, 8042]
20150817 23:17_[5712, 5436, 7292, 7033]
20150817 23:18_[2825, 2263, 5945, 5210]
20150817 23:19_[2364, 8628, 2741, 1107]
20150817 23:20_[7169, 5064, 1026, 7789]
20150817 23:21_[1418, 6632, 8285, 8478]
20150817 23:22_[9029, 1724, 6744, 7351]
20150817 23:23_[7762, 6483, 1757, 7363]
20150817 23:24_[2353, 5339, 7112, 6884]
20150817 23:25_[5876, 1131, 7147, 7133]
20150817 23:26_[4135, 3650, 1178, 5054]
20150817 23:27_[6202, 6624, 1011, 3464]
20150817 23:28_[5713, 6961, 5985, 8793]
20150817 23:29_[5394, 9631, 7979, 3578]
20150817 23:30_[6414, 2860, 2028, 3244]
20150817 23:31_[7263, 5162, 4600, 9441]
20150817 23:32_[5187, 8430, 8813, 3594]
20150817 23:33_[4962, 3192, 1286, 1190]
20150817 23:34_[1811, 5289, 2627, 3929]
20150817 23:35_[6801, 1899, 4449, 3903]
20150817 23:36_[9406, 4786, 6061, 5648]
20150817 23:37_[8274, 5716, 4551, 2272]
20150817 23:38_[2795, 2020, 1147, 4405]
20150817 23:39_[5026, 2403, 2086, 1568]
20150817 23:40_[1472, 2369, 8208, 2340]
20150817 23:41_[7698, 3800, 1531, 8041]
20150817 23:42_[1475, 5276, 5179, 4754]
20150817 23:43_[7886, 6054, 2467, 5168]
20150817 23:44_[7970, 4679, 6172, 9829]
20150817 23:45_[9092, 1765, 1921, 2178]
20150817 23:46_[6838, 6686, 9824, 1601]
20150817 23:47_[5654, 7322, 1738, 3363]
20150817 23:48_[6149, 8525, 2678, 8910]
20150817 23:49_[7299, 5207, 3928, 3763]
20150817 23:50_[6548, 2432, 3588, 6078]
20150817 23:51_[2542, 6482, 5590, 7180]
20150817 23:52_[6250, 8021, 3321, 3339]
20150817 23:53_[9684, 3858, 5385, 7101]
20150817 23:54_[2794, 1509, 6326, 5700]
20150817 23:55_[2712, 6728, 4656, 5336]
20150817 23:56_[7172, 9358, 8749, 3636]
20150817 23:57_[7140, 9149, 5342, 4387]
20150817 23:58_[1213, 3563, 8551, 4938]
20150817 23:59_[3874, 7533, 9176, 9212]
