20150813 00:00_[7111, 1900, 3893, 1711]
20150813 00:01_[1010, 3741, 2943, 5990]
20150813 00:02_[9285, 3663, 5208, 2737]
20150813 00:03_[2304, 6228, 8869, 2385]
20150813 00:04_[6252, 4652, 5994, 8668]
20150813 00:05_[6959, 6076, 9865, 2343]
20150813 00:06_[9279, 6943, 7619, 3287]
20150813 00:07_[4679, 7876, 7892, 1289]
20150813 00:08_[8078, 5281, 1125, 2983]
20150813 00:09_[5266, 2854, 2362, 9609]
20150813 00:10_[9957, 4741, 2667, 8505]
20150813 00:11_[9044, 8519, 6630, 4584]
20150813 00:12_[4528, 4972, 1780, 2844]
20150813 00:13_[5064, 6289, 9374, 4983]
20150813 00:14_[9714, 1654, 6322, 7419]
20150813 00:15_[5354, 2835, 3693, 9616]
20150813 00:16_[8216, 3806, 7392, 5644]
20150813 00:17_[3318, 7543, 9620, 7858]
20150813 00:18_[4916, 4234, 4729, 4119]
20150813 00:19_[2667, 1420, 5539, 5901]
20150813 00:20_[3724, 1330, 6124, 1433]
20150813 00:21_[6410, 9489, 8683, 2342]
20150813 00:22_[9065, 9370, 6515, 3333]
20150813 00:23_[5875, 5284, 5002, 4871]
20150813 00:24_[6024, 9936, 3219, 2427]
20150813 00:25_[9444, 3130, 3683, 7751]
20150813 00:26_[6221, 9227, 4201, 1852]
20150813 00:27_[9977, 7102, 1748, 7253]
20150813 00:28_[3806, 1522, 8129, 9426]
20150813 00:29_[5891, 6406, 5358, 5394]
20150813 00:30_[1785, 6690, 8569, 7276]
20150813 00:31_[3231, 2793, 8694, 3466]
20150813 00:32_[4434, 4841, 1779, 1553]
20150813 00:33_[8952, 7641, 8118, 6423]
20150813 00:34_[8246, 7479, 1123, 7082]
20150813 00:35_[6334, 7074, 6783, 4739]
20150813 00:36_[4076, 1708, 3562, 1480]
20150813 00:37_[4754, 2762, 9699, 9912]
20150813 00:38_[4305, 6342, 8201, 4531]
20150813 00:39_[7863, 5552, 8705, 5298]
20150813 00:40_[8645, 9816, 2967, 2327]
20150813 00:41_[9793, 1750, 3413, 4180]
20150813 00:42_[4752, 6418, 6370, 8793]
20150813 00:43_[1854, 2202, 2411, 5183]
20150813 00:44_[5225, 3901, 8288, 4773]
20150813 00:45_[4742, 8868, 8762, 8102]
20150813 00:46_[3274, 4420, 5887, 8537]
20150813 00:47_[9670, 6667, 7312, 3431]
20150813 00:48_[5240, 6854, 7281, 3047]
20150813 00:49_[3632, 6016, 6884, 6756]
20150813 00:50_[5833, 1681, 7729, 6289]
20150813 00:51_[6163, 4812, 7576, 7179]
20150813 00:52_[1126, 2719, 2980, 9093]
20150813 00:53_[7439, 4505, 9046, 9371]
20150813 00:54_[1640, 7227, 3276, 1795]
20150813 00:55_[2757, 8216, 3244, 5722]
20150813 00:56_[8314, 2167, 1247, 3638]
20150813 00:57_[6322, 1411, 3945, 8076]
20150813 00:58_[7164, 1492, 5268, 8929]
20150813 00:59_[8155, 6165, 7581, 5021]
20150813 01:00_[3592, 4555, 3019, 6995]
20150813 01:01_[7081, 2559, 8320, 6012]
20150813 01:02_[3010, 9536, 2258, 1542]
20150813 01:03_[1606, 3182, 9044, 1230]
20150813 01:04_[2974, 1678, 9234, 7431]
20150813 01:05_[8698, 1996, 3171, 3599]
20150813 01:06_[3797, 1265, 9302, 4210]
20150813 01:07_[7728, 4867, 7744, 5517]
20150813 01:08_[1894, 9852, 9663, 5384]
20150813 01:09_[8086, 9668, 4349, 7218]
20150813 01:10_[9433, 8997, 9594, 9274]
20150813 01:11_[7038, 4134, 7431, 1415]
20150813 01:12_[5189, 4195, 6359, 2131]
20150813 01:13_[9045, 5257, 9298, 6077]
20150813 01:14_[1822, 3951, 2238, 6149]
20150813 01:15_[7360, 9162, 3003, 1789]
20150813 01:16_[8403, 8605, 1655, 5743]
20150813 01:17_[2602, 1834, 3270, 2262]
20150813 01:18_[6205, 7568, 1508, 5470]
20150813 01:19_[9302, 8354, 5431, 4186]
20150813 01:20_[5435, 2204, 8484, 1762]
20150813 01:21_[9512, 8353, 1015, 7912]
20150813 01:22_[6881, 4556, 1950, 3413]
20150813 01:23_[9385, 4548, 9672, 6763]
20150813 01:24_[4427, 8132, 7179, 2841]
20150813 01:25_[1282, 5169, 3836, 7615]
20150813 01:26_[7335, 5215, 6636, 4347]
20150813 01:27_[2002, 1760, 9220, 5300]
20150813 01:28_[1617, 2807, 1962, 1438]
20150813 01:29_[6220, 9720, 6507, 8395]
20150813 01:30_[7141, 4660, 5827, 6120]
20150813 01:31_[4464, 1325, 8887, 6940]
20150813 01:32_[1581, 6398, 7516, 8472]
20150813 01:33_[3951, 7588, 6025, 5239]
20150813 01:34_[5340, 5012, 6116, 2035]
20150813 01:35_[3130, 9511, 4415, 5881]
20150813 01:36_[8439, 8673, 1412, 1054]
20150813 01:37_[7486, 6604, 2312, 6570]
20150813 01:38_[6663, 7149, 2961, 3974]
20150813 01:39_[3867, 3606, 9232, 8227]
20150813 01:40_[3247, 8025, 5322, 8707]
20150813 01:41_[5253, 8483, 5640, 7293]
20150813 01:42_[9049, 3519, 6822, 6535]
20150813 01:43_[4728, 8290, 7292, 1434]
20150813 01:44_[9807, 3076, 4543, 4208]
20150813 01:45_[2098, 4896, 9782, 8017]
20150813 01:46_[8382, 7136, 5999, 9869]
20150813 01:47_[3522, 5689, 7678, 8901]
20150813 01:48_[3556, 7966, 3618, 4844]
20150813 01:49_[7143, 5767, 8180, 3932]
20150813 01:50_[8805, 1168, 3892, 5600]
20150813 01:51_[4337, 2277, 2410, 6779]
20150813 01:52_[4080, 2283, 4213, 4606]
20150813 01:53_[8361, 6023, 7707, 3001]
20150813 01:54_[6167, 1005, 7635, 3647]
20150813 01:55_[5872, 5650, 4946, 3108]
20150813 01:56_[6707, 8219, 8356, 1495]
20150813 01:57_[1294, 9832, 1220, 5773]
20150813 01:58_[3001, 6552, 9749, 9654]
20150813 01:59_[5194, 8394, 1252, 5716]
20150813 02:00_[5580, 9770, 7585, 9815]
20150813 02:01_[7139, 9697, 3533, 7726]
20150813 02:02_[2873, 8281, 9936, 2947]
20150813 02:03_[9441, 5543, 7265, 4565]
20150813 02:04_[3867, 6492, 9795, 9714]
20150813 02:05_[7465, 5338, 2337, 7155]
20150813 02:06_[6371, 8737, 5190, 9979]
20150813 02:07_[8139, 3929, 4228, 8697]
20150813 02:08_[4094, 8322, 9415, 5520]
20150813 02:09_[8670, 6281, 6252, 9171]
20150813 02:10_[4441, 9356, 6207, 7542]
20150813 02:11_[2230, 9088, 2022, 6147]
20150813 02:12_[1747, 1308, 9430, 6494]
20150813 02:13_[6100, 9362, 1987, 1176]
20150813 02:14_[4706, 4405, 5166, 2953]
20150813 02:15_[2417, 4201, 4762, 7676]
20150813 02:16_[7436, 8215, 2333, 9253]
20150813 02:17_[9119, 5246, 5546, 5480]
20150813 02:18_[8359, 6730, 4277, 4410]
20150813 02:19_[5883, 1090, 2543, 3790]
20150813 02:20_[8699, 4119, 4112, 4803]
20150813 02:21_[3662, 6573, 1563, 2567]
20150813 02:22_[1660, 1252, 9901, 2256]
20150813 02:23_[2118, 9947, 4730, 3318]
20150813 02:24_[7082, 4229, 3662, 4218]
20150813 02:25_[2156, 1373, 6825, 3386]
20150813 02:26_[5764, 8278, 2549, 3186]
20150813 02:27_[4919, 4670, 1907, 8842]
20150813 02:28_[3775, 4158, 7839, 4335]
20150813 02:29_[7332, 6872, 4688, 6315]
20150813 02:30_[4694, 3263, 1806, 9557]
20150813 02:31_[7606, 9944, 6424, 7422]
20150813 02:32_[4980, 9603, 7463, 6329]
20150813 02:33_[6301, 8986, 9280, 5434]
20150813 02:34_[4635, 4682, 2929, 4323]
20150813 02:35_[3341, 7708, 7963, 6396]
20150813 02:36_[9805, 9338, 4900, 5445]
20150813 02:37_[8616, 9705, 6438, 1939]
20150813 02:38_[1170, 4760, 1559, 8629]
20150813 02:39_[7416, 5923, 4067, 7984]
20150813 02:40_[9466, 4096, 4668, 5070]
20150813 02:41_[6735, 3178, 1355, 5253]
20150813 02:42_[8795, 5079, 1780, 8194]
20150813 02:43_[3468, 8158, 7136, 3437]
20150813 02:44_[7268, 3436, 5606, 2977]
20150813 02:45_[2131, 8322, 5953, 4818]
20150813 02:46_[9426, 1905, 4535, 6307]
20150813 02:47_[5550, 9161, 7938, 6434]
20150813 02:48_[2964, 1785, 6360, 2549]
20150813 02:49_[7383, 7671, 9830, 7726]
20150813 02:50_[1972, 3731, 6708, 7283]
20150813 02:51_[3303, 6781, 2420, 4851]
20150813 02:52_[3745, 2298, 8549, 2865]
20150813 02:53_[3123, 1823, 3558, 6486]
20150813 02:54_[6114, 7229, 8487, 3400]
20150813 02:55_[5857, 6214, 9076, 2468]
20150813 02:56_[2361, 7449, 2988, 9855]
20150813 02:57_[2832, 1786, 8963, 2941]
20150813 02:58_[4159, 7971, 6333, 3195]
20150813 02:59_[6658, 4730, 5397, 7321]
20150813 03:00_[5415, 3426, 9090, 8203]
20150813 03:01_[4597, 3400, 8414, 1462]
20150813 03:02_[5460, 1364, 9301, 9247]
20150813 03:03_[3227, 4959, 4562, 9526]
20150813 03:04_[1572, 5555, 6743, 3554]
20150813 03:05_[6855, 2262, 6415, 4187]
20150813 03:06_[8827, 2211, 5224, 3735]
20150813 03:07_[7681, 6762, 2433, 2897]
20150813 03:08_[6962, 1747, 3374, 4573]
20150813 03:09_[8062, 3291, 7896, 7225]
20150813 03:10_[6167, 1199, 5681, 4368]
20150813 03:11_[7811, 1002, 1865, 9567]
20150813 03:12_[3671, 9581, 2407, 6538]
20150813 03:13_[2933, 6406, 7663, 2507]
20150813 03:14_[3729, 2602, 8489, 6885]
20150813 03:15_[1861, 7692, 5629, 4818]
20150813 03:16_[3181, 6334, 5043, 3041]
20150813 03:17_[3995, 3894, 3297, 8320]
20150813 03:18_[2474, 7294, 4497, 5125]
20150813 03:19_[5860, 8353, 7705, 4221]
20150813 03:20_[8363, 7388, 7736, 8592]
20150813 03:21_[2762, 4254, 1736, 3836]
20150813 03:22_[4537, 6084, 9820, 9620]
20150813 03:23_[8606, 5143, 3593, 7811]
20150813 03:24_[9992, 4277, 6708, 1892]
20150813 03:25_[7431, 3093, 3193, 4871]
20150813 03:26_[4928, 5154, 4626, 2255]
20150813 03:27_[7641, 2105, 1182, 4590]
20150813 03:28_[2168, 7552, 1226, 4605]
20150813 03:29_[4557, 5549, 2706, 2765]
20150813 03:30_[1057, 9492, 1692, 1089]
20150813 03:31_[7731, 5199, 4588, 5168]
20150813 03:32_[2264, 6807, 2071, 1340]
20150813 03:33_[6264, 9328, 2703, 7783]
20150813 03:34_[4289, 8355, 6157, 8556]
20150813 03:35_[2876, 6837, 1112, 5756]
20150813 03:36_[2646, 8472, 8809, 3482]
20150813 03:37_[9466, 2071, 2226, 4036]
20150813 03:38_[9368, 5814, 4891, 8582]
20150813 03:39_[2104, 3415, 8074, 8728]
20150813 03:40_[4517, 6959, 2722, 4866]
20150813 03:41_[7171, 9212, 9813, 4633]
20150813 03:42_[2557, 3503, 8925, 7896]
20150813 03:43_[3105, 8704, 8917, 7637]
20150813 03:44_[1706, 8703, 9068, 9454]
20150813 03:45_[2548, 5700, 6136, 9934]
20150813 03:46_[4158, 9642, 3445, 6441]
20150813 03:47_[2483, 4496, 5447, 3413]
20150813 03:48_[6915, 7778, 8658, 1756]
20150813 03:49_[7126, 6675, 4474, 2936]
20150813 03:50_[6363, 4018, 8340, 6997]
20150813 03:51_[9574, 4814, 9100, 4108]
20150813 03:52_[4803, 5557, 8970, 1986]
20150813 03:53_[6232, 1001, 4559, 8155]
20150813 03:54_[1922, 2732, 8460, 3752]
20150813 03:55_[3221, 9072, 5527, 8429]
20150813 03:56_[3673, 6954, 9196, 6359]
20150813 03:57_[3173, 1336, 9470, 9928]
20150813 03:58_[6027, 7031, 5906, 3242]
20150813 03:59_[4536, 9015, 1664, 4675]
20150813 04:00_[7561, 9292, 1725, 8080]
20150813 04:01_[6988, 1352, 2501, 1648]
20150813 04:02_[3903, 4178, 2428, 2723]
20150813 04:03_[2661, 2108, 9722, 9374]
20150813 04:04_[4754, 2600, 1386, 4241]
20150813 04:05_[5855, 7941, 5562, 9716]
20150813 04:06_[9364, 1783, 3203, 7653]
20150813 04:07_[3775, 9198, 5355, 4189]
20150813 04:08_[9225, 7731, 5241, 8261]
20150813 04:09_[1671, 5598, 9113, 4566]
20150813 04:10_[2225, 1520, 4338, 4320]
20150813 04:11_[5281, 9521, 6275, 5413]
20150813 04:12_[1850, 8814, 5820, 3187]
20150813 04:13_[6606, 2233, 3649, 6452]
20150813 04:14_[4022, 2892, 8991, 7307]
20150813 04:15_[1021, 3452, 9210, 7173]
20150813 04:16_[6650, 8797, 9974, 4604]
20150813 04:17_[9367, 5048, 4379, 5288]
20150813 04:18_[2225, 4692, 8839, 6348]
20150813 04:19_[1819, 9564, 3034, 3701]
20150813 04:20_[4148, 9198, 9370, 9414]
20150813 04:21_[9632, 9661, 3025, 4703]
20150813 04:22_[1898, 9109, 9914, 5509]
20150813 04:23_[1102, 8161, 8143, 8652]
20150813 04:24_[8602, 9664, 1168, 7487]
20150813 04:25_[4953, 9210, 7613, 2700]
20150813 04:26_[4503, 4238, 8521, 7314]
20150813 04:27_[6800, 3852, 5214, 7448]
20150813 04:28_[9028, 3675, 9276, 5953]
20150813 04:29_[6488, 1366, 5102, 8034]
20150813 04:30_[3485, 9138, 4662, 4010]
20150813 04:31_[4408, 9004, 4420, 7711]
20150813 04:32_[4092, 1455, 6223, 5966]
20150813 04:33_[1487, 6945, 1417, 3767]
20150813 04:34_[8041, 8264, 9496, 6143]
20150813 04:35_[5071, 5849, 8644, 6287]
20150813 04:36_[8823, 4665, 3846, 3302]
20150813 04:37_[2623, 3712, 4917, 5884]
20150813 04:38_[3220, 2844, 3549, 8527]
20150813 04:39_[2177, 9626, 6852, 2001]
20150813 04:40_[5359, 5315, 6836, 8954]
20150813 04:41_[6034, 4409, 4316, 5744]
20150813 04:42_[4326, 9509, 7496, 2620]
20150813 04:43_[8301, 4501, 2556, 9420]
20150813 04:44_[4990, 8702, 3718, 5020]
20150813 04:45_[5591, 7451, 3995, 3047]
20150813 04:46_[2918, 9197, 6814, 5153]
20150813 04:47_[1358, 7770, 4464, 2216]
20150813 04:48_[9717, 9144, 2189, 2980]
20150813 04:49_[5357, 3623, 3629, 2566]
20150813 04:50_[5753, 5504, 9345, 3771]
20150813 04:51_[8249, 9725, 1688, 7072]
20150813 04:52_[8283, 3229, 3791, 6243]
20150813 04:53_[9293, 1651, 6639, 4085]
20150813 04:54_[8651, 8535, 4511, 8410]
20150813 04:55_[2875, 6715, 9036, 3589]
20150813 04:56_[1392, 7038, 3693, 9111]
20150813 04:57_[1630, 1032, 2511, 2771]
20150813 04:58_[4786, 5502, 6516, 3678]
20150813 04:59_[5460, 2904, 6573, 1582]
20150813 05:00_[1025, 6768, 4171, 6737]
20150813 05:01_[7984, 5868, 1907, 1135]
20150813 05:02_[8524, 9482, 8055, 9300]
20150813 05:03_[2358, 2852, 5811, 2910]
20150813 05:04_[8442, 6463, 3280, 2567]
20150813 05:05_[5465, 5307, 4940, 5316]
20150813 05:06_[9378, 8710, 1464, 3493]
20150813 05:07_[9624, 6156, 8188, 5241]
20150813 05:08_[9867, 5773, 4087, 1322]
20150813 05:09_[2078, 5355, 7293, 6750]
20150813 05:10_[8328, 9053, 1971, 5162]
20150813 05:11_[7917, 4683, 4094, 9650]
20150813 05:12_[9411, 6764, 8649, 6093]
20150813 05:13_[5472, 5925, 7296, 1303]
20150813 05:14_[2842, 4225, 4031, 9522]
20150813 05:15_[7260, 4244, 1010, 3169]
20150813 05:16_[2018, 2933, 5196, 8093]
20150813 05:17_[3467, 8061, 6583, 2222]
20150813 05:18_[7810, 3380, 8691, 8282]
20150813 05:19_[6046, 9990, 8655, 5442]
20150813 05:20_[4908, 3220, 5651, 3944]
20150813 05:21_[9011, 6084, 7308, 3771]
20150813 05:22_[9773, 7211, 7415, 1276]
20150813 05:23_[8417, 2957, 4650, 8528]
20150813 05:24_[1079, 6603, 1619, 9937]
20150813 05:25_[4305, 6407, 4926, 1164]
20150813 05:26_[6663, 8787, 7123, 4175]
20150813 05:27_[7556, 1196, 1392, 4875]
20150813 05:28_[8097, 1257, 6039, 6618]
20150813 05:29_[5456, 9442, 4799, 9916]
20150813 05:30_[8676, 9534, 5712, 7141]
20150813 05:31_[1087, 2548, 9706, 4837]
20150813 05:32_[7450, 8372, 8286, 9723]
20150813 05:33_[5951, 5447, 3406, 6069]
20150813 05:34_[3764, 8343, 6249, 8021]
20150813 05:35_[2083, 9233, 1336, 6250]
20150813 05:36_[1222, 1426, 9815, 5134]
20150813 05:37_[3349, 6751, 8700, 9789]
20150813 05:38_[8089, 7696, 3923, 9915]
20150813 05:39_[4231, 1745, 6028, 8423]
20150813 05:40_[3343, 2907, 1389, 6980]
20150813 05:41_[1856, 2668, 8879, 1579]
20150813 05:42_[6529, 6314, 7462, 5939]
20150813 05:43_[8034, 8900, 4473, 2021]
20150813 05:44_[8129, 4253, 6852, 1217]
20150813 05:45_[6221, 5119, 8776, 5154]
20150813 05:46_[7358, 7237, 3230, 7879]
20150813 05:47_[7899, 5874, 4822, 6481]
20150813 05:48_[3041, 4177, 3492, 2252]
20150813 05:49_[1515, 4145, 5357, 9654]
20150813 05:50_[8519, 5467, 4412, 8940]
20150813 05:51_[6169, 3286, 7261, 7468]
20150813 05:52_[7407, 8752, 5515, 8776]
20150813 05:53_[4597, 2053, 9424, 2891]
20150813 05:54_[4042, 6124, 7068, 5189]
20150813 05:55_[3362, 5932, 4506, 7855]
20150813 05:56_[1561, 6198, 5919, 8770]
20150813 05:57_[9654, 2881, 7259, 4114]
20150813 05:58_[5555, 9433, 9200, 6547]
20150813 05:59_[5263, 6081, 3254, 8940]
20150813 06:00_[2298, 2479, 1608, 9214]
20150813 06:01_[1994, 8814, 5433, 3828]
20150813 06:02_[2622, 3909, 9873, 9508]
20150813 06:03_[9360, 7343, 8224, 1509]
20150813 06:04_[8455, 4173, 9964, 1076]
20150813 06:05_[4758, 3933, 3076, 7676]
20150813 06:06_[2189, 2850, 4675, 8704]
20150813 06:07_[6860, 4729, 5862, 8477]
20150813 06:08_[5490, 7836, 2755, 2113]
20150813 06:09_[3179, 8309, 7770, 7545]
20150813 06:10_[3874, 2930, 2067, 9953]
20150813 06:11_[8859, 7030, 5694, 4705]
20150813 06:12_[1302, 8226, 1313, 4395]
20150813 06:13_[9505, 7689, 2397, 8227]
20150813 06:14_[2215, 7119, 5058, 2735]
20150813 06:15_[7261, 9081, 5766, 3604]
20150813 06:16_[8954, 7146, 1345, 8840]
20150813 06:17_[8897, 9236, 7482, 5380]
20150813 06:18_[1541, 4267, 4033, 5682]
20150813 06:19_[2481, 8497, 6315, 8378]
20150813 06:20_[2172, 9537, 9797, 5888]
20150813 06:21_[4879, 8632, 1924, 1514]
20150813 06:22_[4968, 4577, 4115, 1567]
20150813 06:23_[3497, 2338, 3932, 1431]
20150813 06:24_[8985, 6194, 6115, 3807]
20150813 06:25_[5291, 7884, 9752, 1682]
20150813 06:26_[5199, 2577, 1812, 1582]
20150813 06:27_[1089, 7273, 9634, 1833]
20150813 06:28_[8746, 2870, 4309, 4932]
20150813 06:29_[6676, 3687, 1528, 1692]
20150813 06:30_[8374, 4938, 9860, 6841]
20150813 06:31_[8492, 7810, 1175, 5192]
20150813 06:32_[2205, 9999, 1599, 4007]
20150813 06:33_[3581, 5179, 5527, 8665]
20150813 06:34_[6987, 3618, 8780, 8372]
20150813 06:35_[4376, 1461, 6210, 6038]
20150813 06:36_[2263, 1929, 1574, 2077]
20150813 06:37_[2610, 2842, 7882, 1153]
20150813 06:38_[1420, 2467, 9028, 3036]
20150813 06:39_[1485, 7512, 9351, 5428]
20150813 06:40_[7923, 5699, 8198, 9163]
20150813 06:41_[3451, 8662, 6875, 2673]
20150813 06:42_[4577, 4790, 6924, 6563]
20150813 06:43_[3357, 7070, 6247, 3112]
20150813 06:44_[5106, 7165, 1500, 7620]
20150813 06:45_[1818, 7884, 5312, 7747]
20150813 06:46_[6864, 7735, 3436, 9351]
20150813 06:47_[9970, 9004, 7929, 5196]
20150813 06:48_[2989, 3425, 7134, 1625]
20150813 06:49_[8550, 2714, 1862, 6327]
20150813 06:50_[4918, 9485, 9985, 1316]
20150813 06:51_[7896, 8481, 7464, 3450]
20150813 06:52_[3256, 7885, 2409, 7577]
20150813 06:53_[5715, 7051, 4352, 8480]
20150813 06:54_[5638, 9197, 4516, 4866]
20150813 06:55_[8398, 1415, 6459, 9199]
20150813 06:56_[9379, 6603, 9345, 1062]
20150813 06:57_[9403, 2036, 8841, 3453]
20150813 06:58_[5440, 7925, 9313, 9725]
20150813 06:59_[4427, 5445, 1591, 7610]
20150813 07:00_[7926, 4216, 7480, 4008]
20150813 07:01_[5102, 3246, 1346, 4315]
20150813 07:02_[6439, 6791, 9671, 7706]
20150813 07:03_[3629, 2396, 7742, 3726]
20150813 07:04_[3164, 4170, 8901, 2065]
20150813 07:05_[3254, 7220, 7054, 3155]
20150813 07:06_[8645, 4299, 5047, 9241]
20150813 07:07_[4421, 6664, 3547, 8766]
20150813 07:08_[6998, 3896, 2419, 4691]
20150813 07:09_[2827, 7980, 9731, 3874]
20150813 07:10_[9797, 4049, 2440, 2707]
20150813 07:11_[9861, 1958, 5387, 3117]
20150813 07:12_[9670, 3383, 7065, 2998]
20150813 07:13_[4404, 4813, 3348, 4154]
20150813 07:14_[6281, 6510, 4442, 3142]
20150813 07:15_[9589, 3446, 1062, 8262]
20150813 07:16_[8545, 7591, 2685, 1324]
20150813 07:17_[8775, 8553, 4977, 3366]
20150813 07:18_[2377, 6703, 5521, 9787]
20150813 07:19_[2975, 5458, 8021, 5411]
20150813 07:20_[9857, 9647, 9078, 3872]
20150813 07:21_[9347, 9565, 3383, 1545]
20150813 07:22_[9468, 6954, 8257, 3429]
20150813 07:23_[6021, 8452, 5161, 9578]
20150813 07:24_[7164, 5523, 8990, 9840]
20150813 07:25_[6374, 7058, 3831, 3447]
20150813 07:26_[4907, 5214, 4549, 5400]
20150813 07:27_[2134, 2777, 7392, 4776]
20150813 07:28_[9332, 1800, 4024, 2547]
20150813 07:29_[8930, 8250, 4411, 3638]
20150813 07:30_[6691, 6909, 1909, 4803]
20150813 07:31_[1424, 9289, 2365, 9834]
20150813 07:32_[1830, 3643, 7735, 2237]
20150813 07:33_[5287, 5374, 6831, 8129]
20150813 07:34_[4203, 9549, 6184, 4145]
20150813 07:35_[7699, 9110, 9590, 1189]
20150813 07:36_[6147, 6586, 3249, 7409]
20150813 07:37_[9394, 9366, 9070, 7747]
20150813 07:38_[4022, 3961, 6958, 3440]
20150813 07:39_[4569, 2190, 5361, 3738]
20150813 07:40_[1595, 1821, 1068, 8758]
20150813 07:41_[6001, 8022, 3699, 6441]
20150813 07:42_[2641, 5119, 3522, 2896]
20150813 07:43_[7494, 7534, 7182, 1236]
20150813 07:44_[3691, 1028, 3628, 5916]
20150813 07:45_[6956, 1001, 9074, 7326]
20150813 07:46_[7132, 9517, 7813, 8458]
20150813 07:47_[4303, 3100, 1161, 9407]
20150813 07:48_[2888, 8509, 8009, 1879]
20150813 07:49_[9362, 9388, 5179, 4009]
20150813 07:50_[5179, 6343, 9488, 4086]
20150813 07:51_[4020, 2475, 4740, 5074]
20150813 07:52_[8887, 2533, 1171, 3485]
20150813 07:53_[4104, 6862, 8636, 8157]
20150813 07:54_[4669, 4541, 2506, 5283]
20150813 07:55_[3157, 5541, 3222, 6145]
20150813 07:56_[3425, 2457, 4945, 3171]
20150813 07:57_[2700, 1330, 3377, 7487]
20150813 07:58_[7440, 3857, 6972, 7936]
20150813 07:59_[2611, 3471, 7295, 8234]
20150813 08:00_[9688, 4654, 8156, 2806]
20150813 08:01_[9787, 8794, 7195, 2499]
20150813 08:02_[8257, 1852, 7888, 8096]
20150813 08:03_[7678, 5609, 6636, 5592]
20150813 08:04_[5229, 6388, 7924, 4805]
20150813 08:05_[2521, 2357, 8993, 8185]
20150813 08:06_[6766, 5823, 1957, 9169]
20150813 08:07_[8418, 6173, 4935, 6074]
20150813 08:08_[3709, 1483, 1647, 4610]
20150813 08:09_[6725, 7629, 8671, 1232]
20150813 08:10_[8896, 7602, 8008, 1731]
20150813 08:11_[4617, 5084, 3441, 2077]
20150813 08:12_[5534, 6293, 7796, 2504]
20150813 08:13_[9163, 9737, 4382, 4018]
20150813 08:14_[6909, 9668, 3436, 5916]
20150813 08:15_[6025, 6472, 8463, 7206]
20150813 08:16_[3082, 2207, 5422, 6633]
20150813 08:17_[3810, 2575, 7974, 9732]
20150813 08:18_[6262, 8149, 5721, 9590]
20150813 08:19_[1952, 9321, 3712, 1384]
20150813 08:20_[8023, 5096, 1874, 7597]
20150813 08:21_[8950, 9776, 3323, 5846]
20150813 08:22_[4469, 9688, 3410, 6319]
20150813 08:23_[2836, 9483, 2349, 4273]
20150813 08:24_[8313, 5375, 6096, 4087]
20150813 08:25_[5517, 2059, 8396, 6224]
20150813 08:26_[5715, 9050, 5436, 8567]
20150813 08:27_[8311, 9828, 6628, 4111]
20150813 08:28_[3360, 2590, 7128, 8463]
20150813 08:29_[5171, 1348, 8446, 7091]
20150813 08:30_[2392, 5102, 3891, 8973]
20150813 08:31_[6489, 1621, 4005, 8088]
20150813 08:32_[9899, 6057, 3124, 3518]
20150813 08:33_[9203, 6638, 6878, 6336]
20150813 08:34_[9158, 8245, 1074, 4645]
20150813 08:35_[5284, 3866, 4376, 7798]
20150813 08:36_[4214, 4214, 8417, 3911]
20150813 08:37_[8651, 9399, 3602, 4092]
20150813 08:38_[4458, 6398, 3064, 8046]
20150813 08:39_[8415, 1954, 3438, 5642]
20150813 08:40_[5800, 4142, 1546, 6935]
20150813 08:41_[5573, 2279, 5233, 2034]
20150813 08:42_[9472, 8638, 2761, 8023]
20150813 08:43_[8156, 8573, 8818, 5002]
20150813 08:44_[2868, 4426, 6176, 2523]
20150813 08:45_[1904, 9850, 7720, 8502]
20150813 08:46_[5539, 7358, 1545, 6090]
20150813 08:47_[2340, 7610, 3248, 8950]
20150813 08:48_[1886, 5223, 8811, 5936]
20150813 08:49_[5486, 7555, 6702, 4447]
20150813 08:50_[2463, 4786, 5258, 2600]
20150813 08:51_[3908, 6497, 8474, 5076]
20150813 08:52_[4672, 4459, 5442, 4115]
20150813 08:53_[6274, 5737, 8020, 7653]
20150813 08:54_[6512, 6497, 8179, 5918]
20150813 08:55_[3114, 2530, 6332, 9979]
20150813 08:56_[3998, 4794, 5371, 5602]
20150813 08:57_[6412, 5724, 4991, 1220]
20150813 08:58_[9067, 6472, 6497, 3994]
20150813 08:59_[9827, 3131, 7387, 8025]
20150813 09:00_[7769, 7136, 1118, 7097]
20150813 09:01_[7817, 5698, 6287, 6583]
20150813 09:02_[6611, 7979, 5026, 3572]
20150813 09:03_[7787, 8525, 4792, 1160]
20150813 09:04_[1825, 3767, 9116, 6353]
20150813 09:05_[8678, 1791, 3219, 8173]
20150813 09:06_[6452, 3028, 4856, 4093]
20150813 09:07_[9052, 1899, 1222, 9133]
20150813 09:08_[1975, 5496, 3414, 4318]
20150813 09:09_[5195, 3543, 5373, 3780]
20150813 09:10_[1686, 7440, 5618, 7613]
20150813 09:11_[8375, 9350, 9542, 9381]
20150813 09:12_[9209, 5417, 2885, 2585]
20150813 09:13_[5801, 1214, 1349, 6290]
20150813 09:14_[3538, 3443, 3802, 6080]
20150813 09:15_[8243, 8572, 3109, 8152]
20150813 09:16_[9276, 1594, 2692, 5824]
20150813 09:17_[9532, 6420, 2335, 2095]
20150813 09:18_[4393, 4388, 2408, 3563]
20150813 09:19_[9265, 8224, 3274, 1246]
20150813 09:20_[2905, 3731, 8869, 9256]
20150813 09:21_[7420, 7539, 1662, 9469]
20150813 09:22_[6295, 2966, 7904, 5114]
20150813 09:23_[8316, 7714, 2579, 1912]
20150813 09:24_[3684, 5722, 6814, 5574]
20150813 09:25_[7678, 1099, 7909, 6555]
20150813 09:26_[5126, 8983, 1579, 3028]
20150813 09:27_[7721, 7454, 7886, 8208]
20150813 09:28_[5948, 4186, 8767, 7861]
20150813 09:29_[7755, 3728, 5368, 3996]
20150813 09:30_[4567, 7856, 5169, 7784]
20150813 09:31_[9576, 8140, 7275, 8287]
20150813 09:32_[1842, 8298, 5297, 4629]
20150813 09:33_[3559, 5867, 8123, 2502]
20150813 09:34_[9891, 9575, 7848, 8907]
20150813 09:35_[4042, 3502, 3336, 8371]
20150813 09:36_[7698, 1918, 6804, 8558]
20150813 09:37_[9920, 8100, 7404, 1846]
20150813 09:38_[5665, 9421, 2703, 5574]
20150813 09:39_[2809, 3927, 4349, 5710]
20150813 09:40_[2991, 3207, 2521, 1327]
20150813 09:41_[6299, 9991, 1310, 2837]
20150813 09:42_[3256, 4007, 8537, 7594]
20150813 09:43_[8247, 5180, 8182, 3941]
20150813 09:44_[4788, 2238, 3413, 2029]
20150813 09:45_[5039, 3157, 6022, 5606]
20150813 09:46_[5964, 4078, 6659, 8059]
20150813 09:47_[9020, 3450, 1835, 7440]
20150813 09:48_[8458, 7435, 6165, 1126]
20150813 09:49_[4273, 9605, 2537, 4997]
20150813 09:50_[8077, 1001, 3369, 7713]
20150813 09:51_[7821, 6621, 7028, 2483]
20150813 09:52_[7468, 8273, 2262, 9588]
20150813 09:53_[5793, 5464, 9848, 2714]
20150813 09:54_[9074, 1000, 7494, 7734]
20150813 09:55_[2033, 9707, 4698, 9489]
20150813 09:56_[4042, 1293, 7441, 3344]
20150813 09:57_[6376, 4540, 9288, 5023]
20150813 09:58_[9054, 5101, 7028, 6483]
20150813 09:59_[7858, 4489, 9981, 5390]
20150813 10:00_[6801, 1209, 2863, 3626]
20150813 10:01_[6592, 9462, 3313, 9113]
20150813 10:02_[4171, 7002, 5474, 3754]
20150813 10:03_[8630, 3783, 5385, 3427]
20150813 10:04_[3002, 7711, 7511, 9105]
20150813 10:05_[2324, 8350, 4850, 9217]
20150813 10:06_[8201, 6191, 3534, 9919]
20150813 10:07_[5324, 7819, 4966, 7844]
20150813 10:08_[7403, 1766, 2393, 7331]
20150813 10:09_[2698, 9230, 3668, 1843]
20150813 10:10_[3960, 2885, 2420, 2125]
20150813 10:11_[3134, 8740, 2104, 7449]
20150813 10:12_[4517, 7235, 7095, 6755]
20150813 10:13_[7116, 5811, 7484, 5382]
20150813 10:14_[5471, 9902, 4044, 8110]
20150813 10:15_[3542, 1423, 7701, 8336]
20150813 10:16_[6273, 9069, 9923, 4489]
20150813 10:17_[2740, 2000, 2799, 4034]
20150813 10:18_[6425, 7764, 9866, 6990]
20150813 10:19_[2167, 5114, 2487, 8153]
20150813 10:20_[3962, 2656, 4698, 6427]
20150813 10:21_[6381, 3240, 9817, 5725]
20150813 10:22_[1733, 3989, 2913, 7210]
20150813 10:23_[4630, 4974, 2732, 8582]
20150813 10:24_[2645, 4273, 8978, 2471]
20150813 10:25_[7017, 1154, 1119, 9967]
20150813 10:26_[6369, 2443, 7814, 2117]
20150813 10:27_[5542, 4577, 9807, 9837]
20150813 10:28_[3919, 4304, 2482, 3950]
20150813 10:29_[6384, 3039, 4124, 2953]
20150813 10:30_[9996, 4715, 8236, 5375]
20150813 10:31_[7865, 5843, 3829, 5659]
20150813 10:32_[3853, 2981, 2265, 8805]
20150813 10:33_[3166, 8586, 8026, 9498]
20150813 10:34_[6782, 8027, 4203, 6535]
20150813 10:35_[9229, 8561, 1792, 5781]
20150813 10:36_[9256, 6954, 2663, 1118]
20150813 10:37_[4191, 3128, 4475, 4319]
20150813 10:38_[7525, 9907, 1229, 1186]
20150813 10:39_[1384, 8520, 6430, 9083]
20150813 10:40_[9366, 6962, 1137, 1837]
20150813 10:41_[7615, 8552, 3660, 6424]
20150813 10:42_[6580, 5398, 2171, 6477]
20150813 10:43_[2252, 7342, 1370, 7009]
20150813 10:44_[1181, 7254, 6788, 8863]
20150813 10:45_[6077, 7210, 4474, 8585]
20150813 10:46_[3501, 6496, 6262, 2025]
20150813 10:47_[7941, 2453, 1193, 9769]
20150813 10:48_[3631, 6830, 8077, 7898]
20150813 10:49_[6220, 4757, 8428, 9678]
20150813 10:50_[2619, 9233, 4885, 5550]
20150813 10:51_[6307, 3852, 5622, 8531]
20150813 10:52_[5235, 8805, 5316, 9063]
20150813 10:53_[5474, 8980, 1377, 3643]
20150813 10:54_[6536, 1672, 4770, 3717]
20150813 10:55_[7057, 5144, 8237, 7951]
20150813 10:56_[4587, 4860, 8598, 3459]
20150813 10:57_[1669, 9145, 6487, 1034]
20150813 10:58_[2905, 3338, 8625, 4480]
20150813 10:59_[7041, 1441, 3144, 4415]
20150813 11:00_[5171, 1558, 1263, 5120]
20150813 11:01_[7895, 1099, 3686, 9089]
20150813 11:02_[9230, 6747, 3430, 4163]
20150813 11:03_[1334, 4460, 9844, 6998]
20150813 11:04_[6930, 1749, 8257, 4615]
20150813 11:05_[7518, 8298, 3140, 4252]
20150813 11:06_[1082, 5773, 2772, 2803]
20150813 11:07_[3798, 3094, 8273, 6210]
20150813 11:08_[6149, 4268, 5625, 2725]
20150813 11:09_[4554, 6045, 3424, 3175]
20150813 11:10_[9655, 9792, 7605, 7450]
20150813 11:11_[6994, 3689, 1635, 9511]
20150813 11:12_[3520, 6978, 8308, 5725]
20150813 11:13_[8751, 4705, 6807, 9361]
20150813 11:14_[1809, 5711, 4816, 9729]
20150813 11:15_[6833, 6250, 6914, 6104]
20150813 11:16_[1806, 2019, 2374, 4475]
20150813 11:17_[8461, 2226, 8695, 3541]
20150813 11:18_[3452, 3667, 1103, 5109]
20150813 11:19_[3682, 6652, 8959, 6401]
20150813 11:20_[9876, 7627, 5132, 5105]
20150813 11:21_[2486, 7219, 8243, 7808]
20150813 11:22_[7096, 3835, 6552, 6570]
20150813 11:23_[8820, 4912, 7664, 1641]
20150813 11:24_[3149, 6617, 3179, 8236]
20150813 11:25_[9118, 1677, 6141, 8391]
20150813 11:26_[1153, 8904, 1368, 4758]
20150813 11:27_[9353, 1744, 5896, 8703]
20150813 11:28_[3939, 3686, 7250, 8791]
20150813 11:29_[3531, 6827, 4245, 5477]
20150813 11:30_[9194, 9253, 1766, 1880]
20150813 11:31_[4979, 5463, 1054, 5362]
20150813 11:32_[2186, 9556, 3880, 5141]
20150813 11:33_[6751, 5776, 2456, 7451]
20150813 11:34_[7068, 7412, 3648, 8309]
20150813 11:35_[8928, 8557, 3287, 4105]
20150813 11:36_[6095, 1812, 1831, 2030]
20150813 11:37_[4588, 8304, 4901, 1332]
20150813 11:38_[4218, 4281, 2380, 7837]
20150813 11:39_[1913, 1343, 1255, 6023]
20150813 11:40_[7410, 4753, 7608, 3280]
20150813 11:41_[3975, 4189, 9612, 1648]
20150813 11:42_[6331, 6236, 5797, 4763]
20150813 11:43_[1088, 2899, 3398, 7304]
20150813 11:44_[8343, 5350, 6998, 1673]
20150813 11:45_[3537, 3758, 9036, 2833]
20150813 11:46_[4777, 8296, 5926, 7833]
20150813 11:47_[4030, 8157, 1845, 3668]
20150813 11:48_[7222, 5548, 9907, 1049]
20150813 11:49_[2742, 8086, 9716, 1322]
20150813 11:50_[6289, 6098, 1037, 3456]
20150813 11:51_[4662, 7435, 7532, 6321]
20150813 11:52_[9759, 2733, 2810, 5203]
20150813 11:53_[8543, 2322, 3552, 5078]
20150813 11:54_[4367, 8883, 7882, 6706]
20150813 11:55_[9470, 1871, 9637, 4275]
20150813 11:56_[7029, 5768, 9519, 8367]
20150813 11:57_[9986, 2988, 7817, 1879]
20150813 11:58_[3802, 4872, 5799, 6752]
20150813 11:59_[7975, 2620, 9095, 1455]
20150813 12:00_[5944, 4497, 5678, 4835]
20150813 12:01_[7041, 4644, 1046, 4480]
20150813 12:02_[6309, 7596, 1767, 5176]
20150813 12:03_[9624, 1232, 8537, 1927]
20150813 12:04_[5593, 1308, 4886, 3229]
20150813 12:05_[8242, 1840, 2544, 6247]
20150813 12:06_[6817, 8008, 6209, 7042]
20150813 12:07_[4135, 4665, 1041, 5535]
20150813 12:08_[1369, 1973, 1509, 2540]
20150813 12:09_[4241, 4455, 7021, 6010]
20150813 12:10_[9674, 4786, 8357, 3908]
20150813 12:11_[3227, 4062, 7348, 2521]
20150813 12:12_[8958, 4411, 5034, 4506]
20150813 12:13_[5994, 2644, 4950, 6528]
20150813 12:14_[9320, 1271, 1245, 5387]
20150813 12:15_[4929, 8892, 4625, 8528]
20150813 12:16_[6674, 1671, 7615, 8531]
20150813 12:17_[6150, 8469, 5178, 2429]
20150813 12:18_[4835, 2931, 5994, 2756]
20150813 12:19_[1127, 5397, 6073, 9614]
20150813 12:20_[8318, 7981, 4368, 1867]
20150813 12:21_[8056, 2853, 6176, 4509]
20150813 12:22_[3800, 3904, 7987, 2804]
20150813 12:23_[5650, 1203, 2657, 5068]
20150813 12:24_[6349, 9976, 2007, 7284]
20150813 12:25_[7232, 6132, 4345, 3070]
20150813 12:26_[8915, 6991, 3242, 6419]
20150813 12:27_[5104, 2917, 5211, 1295]
20150813 12:28_[8032, 6290, 3999, 5657]
20150813 12:29_[1568, 6798, 7219, 2198]
20150813 12:30_[7221, 1909, 3180, 9683]
20150813 12:31_[8813, 8102, 7176, 7919]
20150813 12:32_[3171, 3122, 5781, 3074]
20150813 12:33_[2296, 3824, 4380, 5422]
20150813 12:34_[3447, 3506, 1666, 5085]
20150813 12:35_[8188, 3131, 7861, 7918]
20150813 12:36_[5487, 1501, 8861, 7634]
20150813 12:37_[5788, 9779, 4122, 7631]
20150813 12:38_[8896, 3781, 2250, 9217]
20150813 12:39_[6087, 5190, 2406, 7453]
20150813 12:40_[1791, 7374, 7393, 4181]
20150813 12:41_[7976, 5843, 2312, 9577]
20150813 12:42_[3237, 3700, 6906, 7003]
20150813 12:43_[6789, 4892, 8424, 5157]
20150813 12:44_[1067, 5967, 6820, 1423]
20150813 12:45_[9279, 8002, 7206, 9558]
20150813 12:46_[8093, 9950, 5715, 1614]
20150813 12:47_[9960, 1654, 6847, 8424]
20150813 12:48_[7987, 2260, 4459, 4339]
20150813 12:49_[5358, 1244, 1778, 8544]
20150813 12:50_[9294, 7648, 3468, 4656]
20150813 12:51_[1688, 5967, 9666, 4949]
20150813 12:52_[1986, 3436, 6756, 9692]
20150813 12:53_[2686, 1894, 5051, 7147]
20150813 12:54_[3910, 1626, 5202, 1869]
20150813 12:55_[1512, 6813, 5115, 2996]
20150813 12:56_[3926, 9309, 4499, 8110]
20150813 12:57_[5244, 5504, 4317, 7447]
20150813 12:58_[7624, 4762, 3488, 3603]
20150813 12:59_[6715, 3017, 5041, 6057]
20150813 13:00_[7813, 4907, 9014, 8193]
20150813 13:01_[2186, 6051, 6364, 2295]
20150813 13:02_[7327, 1294, 3669, 2803]
20150813 13:03_[1301, 3685, 6884, 4697]
20150813 13:04_[2952, 6210, 2675, 3134]
20150813 13:05_[7259, 5835, 2229, 4293]
20150813 13:06_[7411, 6061, 8073, 6716]
20150813 13:07_[6166, 5474, 7703, 7253]
20150813 13:08_[7850, 8978, 4038, 4611]
20150813 13:09_[5626, 2795, 5131, 9026]
20150813 13:10_[9464, 4048, 4132, 8954]
20150813 13:11_[9872, 5093, 7972, 9175]
20150813 13:12_[5603, 7482, 6962, 7799]
20150813 13:13_[4338, 2669, 9390, 6083]
20150813 13:14_[4987, 9433, 2857, 6407]
20150813 13:15_[6482, 8393, 3983, 2643]
20150813 13:16_[8177, 5125, 2221, 5971]
20150813 13:17_[5992, 9332, 5990, 7698]
20150813 13:18_[9273, 3698, 4498, 6219]
20150813 13:19_[4230, 9960, 5620, 8009]
20150813 13:20_[7995, 8978, 4179, 7336]
20150813 13:21_[7210, 1232, 9749, 9085]
20150813 13:22_[8672, 9026, 5490, 6665]
20150813 13:23_[3041, 2441, 1231, 9542]
20150813 13:24_[6808, 2950, 6923, 1685]
20150813 13:25_[3429, 7495, 8901, 3967]
20150813 13:26_[2280, 3670, 2969, 4252]
20150813 13:27_[8682, 1402, 7776, 4411]
20150813 13:28_[2855, 6658, 1521, 7749]
20150813 13:29_[8522, 1185, 4044, 3245]
20150813 13:30_[2821, 2533, 8615, 7426]
20150813 13:31_[2350, 5293, 2764, 4531]
20150813 13:32_[7858, 8454, 2279, 3571]
20150813 13:33_[3459, 9079, 4023, 1883]
20150813 13:34_[3028, 9186, 6017, 1579]
20150813 13:35_[8768, 3411, 7997, 4436]
20150813 13:36_[6721, 6316, 3598, 7146]
20150813 13:37_[8814, 8471, 4582, 5336]
20150813 13:38_[1393, 7473, 3027, 3387]
20150813 13:39_[3101, 7128, 2650, 3914]
20150813 13:40_[3261, 8352, 5890, 3458]
20150813 13:41_[2063, 7162, 4257, 6729]
20150813 13:42_[3686, 6673, 3953, 4746]
20150813 13:43_[9614, 8277, 1414, 4662]
20150813 13:44_[5785, 2858, 2449, 7010]
20150813 13:45_[9941, 3287, 5876, 9901]
20150813 13:46_[5377, 8485, 1723, 2658]
20150813 13:47_[2618, 1929, 4991, 1799]
20150813 13:48_[6350, 9371, 3714, 6662]
20150813 13:49_[3725, 3456, 5247, 3052]
20150813 13:50_[2878, 7652, 2041, 4439]
20150813 13:51_[3359, 1988, 8842, 3712]
20150813 13:52_[2591, 2529, 8199, 8424]
20150813 13:53_[3240, 9023, 3018, 8222]
20150813 13:54_[1079, 6015, 5348, 6795]
20150813 13:55_[5052, 5457, 8203, 9179]
20150813 13:56_[5530, 2697, 7075, 7890]
20150813 13:57_[2276, 7390, 6376, 2974]
20150813 13:58_[7225, 6860, 6331, 7844]
20150813 13:59_[8757, 3191, 7409, 1881]
20150813 14:00_[2408, 2975, 1443, 7724]
20150813 14:01_[5910, 4443, 3663, 5605]
20150813 14:02_[7596, 4823, 8146, 6807]
20150813 14:03_[3752, 2862, 7000, 5067]
20150813 14:04_[5936, 1146, 6725, 9028]
20150813 14:05_[4970, 1234, 2740, 4649]
20150813 14:06_[9758, 3007, 3835, 6537]
20150813 14:07_[4786, 8038, 8498, 7390]
20150813 14:08_[4495, 6120, 5952, 8743]
20150813 14:09_[8459, 1916, 7801, 1802]
20150813 14:10_[5041, 8537, 5408, 1068]
20150813 14:11_[1432, 6751, 1520, 5024]
20150813 14:12_[6545, 2090, 2272, 6819]
20150813 14:13_[6166, 7133, 1998, 7613]
20150813 14:14_[9943, 3996, 8686, 5879]
20150813 14:15_[1429, 3626, 3962, 8692]
20150813 14:16_[2042, 7914, 1040, 5464]
20150813 14:17_[7199, 3765, 8488, 5682]
20150813 14:18_[6521, 1714, 3636, 3997]
20150813 14:19_[6962, 4290, 1014, 7933]
20150813 14:20_[8553, 3241, 6315, 4014]
20150813 14:21_[6495, 8637, 5311, 8139]
20150813 14:22_[4744, 4134, 3673, 9489]
20150813 14:23_[6508, 9279, 9970, 6896]
20150813 14:24_[1172, 8264, 6761, 4088]
20150813 14:25_[5972, 6993, 7578, 6253]
20150813 14:26_[7519, 4453, 6476, 9180]
20150813 14:27_[7607, 4205, 5548, 4598]
20150813 14:28_[4627, 8149, 4137, 8518]
20150813 14:29_[6564, 4794, 1863, 8116]
20150813 14:30_[7550, 6000, 4356, 1426]
20150813 14:31_[7724, 1621, 9879, 8534]
20150813 14:32_[3627, 9380, 1224, 2721]
20150813 14:33_[2034, 5883, 6700, 1592]
20150813 14:34_[4899, 6245, 5287, 6623]
20150813 14:35_[1803, 9814, 8425, 2746]
20150813 14:36_[4947, 7122, 8464, 7906]
20150813 14:37_[4193, 5047, 8459, 9516]
20150813 14:38_[1350, 9920, 1981, 3199]
20150813 14:39_[1733, 8453, 9984, 1655]
20150813 14:40_[2348, 6326, 1839, 2865]
20150813 14:41_[7157, 4432, 8620, 1679]
20150813 14:42_[6064, 2573, 3925, 2235]
20150813 14:43_[1988, 3959, 3094, 7788]
20150813 14:44_[1072, 8001, 4659, 7434]
20150813 14:45_[4937, 8883, 5160, 2136]
20150813 14:46_[9225, 6699, 4109, 5962]
20150813 14:47_[7069, 4252, 2997, 5777]
20150813 14:48_[9631, 6252, 7029, 2654]
20150813 14:49_[8901, 3575, 1051, 7623]
20150813 14:50_[3217, 4916, 2611, 3631]
20150813 14:51_[6302, 2337, 6767, 8107]
20150813 14:52_[5710, 3159, 1998, 6481]
20150813 14:53_[3604, 4651, 6068, 8052]
20150813 14:54_[4720, 3862, 3396, 7567]
20150813 14:55_[4746, 8175, 8521, 6744]
20150813 14:56_[1516, 5402, 3388, 2493]
20150813 14:57_[8722, 8124, 7418, 4790]
20150813 14:58_[2497, 8981, 2458, 4655]
20150813 14:59_[2556, 8907, 4305, 1061]
20150813 15:00_[5591, 4008, 4588, 6735]
20150813 15:01_[1473, 8077, 8103, 5210]
20150813 15:02_[7144, 1098, 5563, 4795]
20150813 15:03_[6576, 8263, 1449, 5930]
20150813 15:04_[7477, 1823, 8801, 1444]
20150813 15:05_[8443, 3606, 5277, 7617]
20150813 15:06_[9235, 1807, 2031, 8998]
20150813 15:07_[4656, 4638, 8628, 4192]
20150813 15:08_[7409, 5569, 7750, 7591]
20150813 15:09_[8333, 3538, 9824, 3025]
20150813 15:10_[6444, 6137, 5362, 9881]
20150813 15:11_[4825, 9646, 9231, 7609]
20150813 15:12_[3150, 7951, 5063, 4420]
20150813 15:13_[5776, 1957, 9414, 9922]
20150813 15:14_[7990, 1575, 3908, 5213]
20150813 15:15_[6026, 9433, 5071, 8795]
20150813 15:16_[5049, 8016, 1503, 5443]
20150813 15:17_[9308, 5896, 1206, 1550]
20150813 15:18_[7500, 8981, 8989, 7766]
20150813 15:19_[4486, 8359, 1502, 5020]
20150813 15:20_[4099, 1747, 7842, 8924]
20150813 15:21_[3507, 3577, 9089, 4321]
20150813 15:22_[3264, 9488, 1405, 5140]
20150813 15:23_[6355, 1431, 6947, 5822]
20150813 15:24_[1973, 2908, 2267, 2459]
20150813 15:25_[5856, 7433, 8955, 2583]
20150813 15:26_[8515, 4485, 3948, 8901]
20150813 15:27_[3594, 4145, 7551, 3525]
20150813 15:28_[7940, 3755, 7853, 8158]
20150813 15:29_[6776, 1573, 4234, 2844]
20150813 15:30_[8732, 1816, 9678, 5836]
20150813 15:31_[2740, 5630, 2580, 2617]
20150813 15:32_[4398, 1248, 5905, 5163]
20150813 15:33_[4301, 9331, 7675, 1561]
20150813 15:34_[2576, 5669, 5440, 5941]
20150813 15:35_[5038, 2114, 8668, 5421]
20150813 15:36_[1968, 5999, 6410, 6684]
20150813 15:37_[8581, 5913, 1256, 4469]
20150813 15:38_[8180, 5699, 9704, 8936]
20150813 15:39_[1117, 5940, 4607, 1569]
20150813 15:40_[5709, 2133, 4680, 7569]
20150813 15:41_[1670, 8065, 6661, 2116]
20150813 15:42_[4103, 3345, 5746, 8284]
20150813 15:43_[1031, 5910, 6937, 2342]
20150813 15:44_[8115, 1756, 4249, 3707]
20150813 15:45_[3240, 2147, 7410, 9994]
20150813 15:46_[8734, 5594, 6723, 9572]
20150813 15:47_[5427, 8026, 2831, 9356]
20150813 15:48_[7193, 8417, 7988, 4867]
20150813 15:49_[6226, 1957, 5142, 2120]
20150813 15:50_[6850, 4418, 2743, 4606]
20150813 15:51_[1289, 6306, 4958, 5490]
20150813 15:52_[8202, 8156, 3236, 4825]
20150813 15:53_[5110, 7356, 4550, 1100]
20150813 15:54_[2812, 2628, 1685, 4335]
20150813 15:55_[6837, 8299, 4247, 7817]
20150813 15:56_[1936, 1082, 8308, 1163]
20150813 15:57_[4668, 3985, 4347, 5647]
20150813 15:58_[3530, 3968, 4826, 8873]
20150813 15:59_[3848, 2211, 9741, 7098]
20150813 16:00_[5036, 8192, 9870, 5742]
20150813 16:01_[2888, 4466, 1345, 2886]
20150813 16:02_[7587, 7494, 1826, 9713]
20150813 16:03_[6309, 1205, 8298, 4547]
20150813 16:04_[9644, 7332, 5886, 3610]
20150813 16:05_[2904, 2178, 6619, 8186]
20150813 16:06_[7711, 7499, 2569, 2315]
20150813 16:07_[2546, 8012, 3368, 3191]
20150813 16:08_[7183, 6047, 7174, 1190]
20150813 16:09_[3855, 6806, 6032, 1713]
20150813 16:10_[5977, 9612, 1435, 3089]
20150813 16:11_[2072, 6856, 5247, 7365]
20150813 16:12_[2232, 9618, 8396, 1241]
20150813 16:13_[4753, 8303, 2198, 8657]
20150813 16:14_[4309, 8758, 7978, 4247]
20150813 16:15_[2901, 7389, 9653, 3896]
20150813 16:16_[6954, 4190, 8814, 9567]
20150813 16:17_[5853, 4874, 8829, 5756]
20150813 16:18_[1025, 3632, 5835, 1646]
20150813 16:19_[2906, 8143, 7307, 5725]
20150813 16:20_[3455, 8120, 8593, 5890]
20150813 16:21_[5370, 8954, 8173, 8537]
20150813 16:22_[1364, 5826, 9339, 9778]
20150813 16:23_[1957, 6948, 4248, 2885]
20150813 16:24_[4207, 9607, 6961, 3919]
20150813 16:25_[1669, 7280, 7662, 6864]
20150813 16:26_[9836, 4602, 5535, 7472]
20150813 16:27_[7082, 7068, 5041, 9428]
20150813 16:28_[2925, 1559, 4947, 4181]
20150813 16:29_[5955, 4175, 8204, 7990]
20150813 16:30_[4815, 7943, 3646, 8429]
20150813 16:31_[3713, 5483, 3269, 6457]
20150813 16:32_[5298, 9121, 3941, 2454]
20150813 16:33_[8450, 1452, 4555, 4220]
20150813 16:34_[4944, 4773, 6776, 9964]
20150813 16:35_[5162, 4161, 6499, 5371]
20150813 16:36_[6125, 3220, 8271, 3851]
20150813 16:37_[7057, 5350, 4914, 8643]
20150813 16:38_[7328, 9372, 4032, 2045]
20150813 16:39_[9573, 2275, 1289, 5490]
20150813 16:40_[2640, 6567, 6123, 5198]
20150813 16:41_[4491, 2878, 7782, 5849]
20150813 16:42_[6045, 4325, 2629, 9146]
20150813 16:43_[8551, 3105, 5287, 9207]
20150813 16:44_[2759, 7789, 9258, 4096]
20150813 16:45_[5487, 3933, 9264, 7101]
20150813 16:46_[3936, 4595, 1844, 1984]
20150813 16:47_[9283, 8908, 9530, 1450]
20150813 16:48_[9786, 1137, 5027, 3041]
20150813 16:49_[2235, 8473, 1903, 9259]
20150813 16:50_[6489, 3426, 1276, 4043]
20150813 16:51_[6455, 2619, 6466, 9905]
20150813 16:52_[6039, 9175, 7775, 4297]
20150813 16:53_[1468, 8926, 8333, 8032]
20150813 16:54_[6566, 9375, 8532, 6902]
20150813 16:55_[7413, 1388, 2376, 8407]
20150813 16:56_[6074, 9370, 6762, 6176]
20150813 16:57_[2310, 7629, 1490, 7595]
20150813 16:58_[1394, 7734, 4211, 1334]
20150813 16:59_[6161, 2645, 5842, 8212]
20150813 17:00_[3275, 2036, 7629, 4357]
20150813 17:01_[4105, 6465, 6984, 7571]
20150813 17:02_[7634, 3718, 3812, 7419]
20150813 17:03_[2811, 2774, 6218, 5064]
20150813 17:04_[9271, 7972, 5686, 9767]
20150813 17:05_[2062, 7752, 1362, 1257]
20150813 17:06_[7986, 8733, 9975, 8085]
20150813 17:07_[4087, 8835, 9929, 9775]
20150813 17:08_[9386, 6530, 3819, 6468]
20150813 17:09_[8030, 8524, 5398, 5600]
20150813 17:10_[1657, 8456, 7105, 4553]
20150813 17:11_[7901, 6561, 5061, 5550]
20150813 17:12_[1233, 9714, 3630, 2961]
20150813 17:13_[4742, 6835, 4511, 5801]
20150813 17:14_[3101, 4234, 5407, 4397]
20150813 17:15_[7077, 6314, 7923, 1142]
20150813 17:16_[7687, 7939, 6452, 7704]
20150813 17:17_[4467, 5340, 2504, 5976]
20150813 17:18_[9120, 3993, 1800, 8039]
20150813 17:19_[1242, 9745, 3400, 5943]
20150813 17:20_[3528, 3068, 1352, 3694]
20150813 17:21_[3161, 2134, 4917, 6723]
20150813 17:22_[8360, 3723, 5753, 2089]
20150813 17:23_[8099, 4448, 6870, 4568]
20150813 17:24_[4869, 3906, 1026, 2840]
20150813 17:25_[5273, 9161, 8110, 8035]
20150813 17:26_[7605, 7922, 1137, 1920]
20150813 17:27_[3841, 4042, 3179, 1853]
20150813 17:28_[3586, 6955, 2255, 9803]
20150813 17:29_[2643, 8506, 6548, 1976]
20150813 17:30_[3617, 6987, 7710, 3881]
20150813 17:31_[7301, 7687, 7398, 3137]
20150813 17:32_[2072, 7136, 5148, 2292]
20150813 17:33_[9980, 5289, 9605, 1935]
20150813 17:34_[8057, 2986, 6716, 2373]
20150813 17:35_[5111, 8219, 4775, 4766]
20150813 17:36_[3432, 4409, 3915, 9239]
20150813 17:37_[7291, 3817, 5919, 8499]
20150813 17:38_[6459, 1737, 6654, 7954]
20150813 17:39_[5932, 8735, 4138, 4121]
20150813 17:40_[6434, 1002, 5825, 2726]
20150813 17:41_[3022, 8953, 2381, 4074]
20150813 17:42_[4528, 9530, 4709, 4183]
20150813 17:43_[4936, 4567, 1499, 5436]
20150813 17:44_[5487, 9605, 8562, 3047]
20150813 17:45_[4524, 2412, 3197, 5532]
20150813 17:46_[9087, 4963, 1237, 2690]
20150813 17:47_[1407, 4176, 2732, 8014]
20150813 17:48_[3976, 5836, 9206, 9057]
20150813 17:49_[4411, 2540, 6485, 7072]
20150813 17:50_[3967, 7758, 7289, 5209]
20150813 17:51_[2675, 9165, 9153, 8208]
20150813 17:52_[9849, 9639, 8457, 2861]
20150813 17:53_[7110, 9610, 4825, 9090]
20150813 17:54_[9916, 9049, 1167, 6106]
20150813 17:55_[4354, 5369, 4413, 1557]
20150813 17:56_[4385, 5870, 3245, 3995]
20150813 17:57_[4322, 6427, 6346, 5012]
20150813 17:58_[8354, 5040, 1278, 6990]
20150813 17:59_[2369, 7536, 9337, 1068]
20150813 18:00_[1618, 6865, 4593, 2174]
20150813 18:01_[5864, 1403, 1151, 2998]
20150813 18:02_[9651, 3052, 4024, 3138]
20150813 18:03_[4667, 3024, 1231, 5978]
20150813 18:04_[2117, 6361, 7617, 9425]
20150813 18:05_[3538, 1619, 6663, 5412]
20150813 18:06_[5003, 5271, 5763, 5731]
20150813 18:07_[4986, 3496, 4666, 6966]
20150813 18:08_[1568, 2758, 8477, 8201]
20150813 18:09_[5283, 9663, 2328, 6943]
20150813 18:10_[4248, 1591, 5315, 7354]
20150813 18:11_[4361, 9332, 8893, 3739]
20150813 18:12_[3574, 3345, 6493, 9752]
20150813 18:13_[5393, 9347, 3022, 2359]
20150813 18:14_[1955, 1603, 3555, 7105]
20150813 18:15_[7753, 8752, 9312, 4315]
20150813 18:16_[1649, 6859, 8428, 6185]
20150813 18:17_[2638, 1775, 4041, 6300]
20150813 18:18_[5966, 1674, 8033, 4080]
20150813 18:19_[8520, 1499, 4066, 8317]
20150813 18:20_[3007, 7580, 8571, 4657]
20150813 18:21_[6700, 7494, 8317, 1253]
20150813 18:22_[7625, 9655, 6062, 2061]
20150813 18:23_[6806, 3304, 6442, 4883]
20150813 18:24_[7537, 6736, 8519, 7078]
20150813 18:25_[8646, 8261, 4275, 5832]
20150813 18:26_[2372, 1972, 1221, 9059]
20150813 18:27_[5109, 3963, 4420, 8138]
20150813 18:28_[3574, 8195, 2910, 3195]
20150813 18:29_[8919, 9262, 7884, 4405]
20150813 18:30_[5173, 2391, 2928, 2610]
20150813 18:31_[8513, 2324, 6448, 2272]
20150813 18:32_[3351, 6850, 5653, 4935]
20150813 18:33_[5282, 2743, 1025, 2111]
20150813 18:34_[7042, 1851, 1680, 7855]
20150813 18:35_[5698, 5877, 1226, 2850]
20150813 18:36_[9693, 1205, 1992, 9183]
20150813 18:37_[1154, 9072, 2428, 9320]
20150813 18:38_[8647, 2265, 3779, 7015]
20150813 18:39_[3447, 7514, 5125, 7708]
20150813 18:40_[1691, 8770, 8464, 1606]
20150813 18:41_[2901, 4616, 8499, 8706]
20150813 18:42_[5161, 4363, 8921, 7964]
20150813 18:43_[2779, 4942, 5266, 7499]
20150813 18:44_[4140, 6924, 3512, 5171]
20150813 18:45_[4090, 5247, 2940, 3377]
20150813 18:46_[5265, 6267, 6728, 4815]
20150813 18:47_[1049, 8092, 1284, 7352]
20150813 18:48_[3898, 7072, 6619, 5576]
20150813 18:49_[1928, 9814, 1516, 6366]
20150813 18:50_[2551, 4367, 7346, 2389]
20150813 18:51_[4345, 8799, 3501, 1552]
20150813 18:52_[4288, 8142, 4793, 2454]
20150813 18:53_[7275, 5907, 1448, 1416]
20150813 18:54_[6413, 4280, 6102, 3662]
20150813 18:55_[5136, 4747, 4579, 4178]
20150813 18:56_[1393, 6705, 6724, 9601]
20150813 18:57_[9413, 9631, 5456, 2997]
20150813 18:58_[5796, 4679, 2799, 2339]
20150813 18:59_[7639, 9028, 9683, 8173]
20150813 19:00_[2921, 1165, 7285, 7594]
20150813 19:01_[9698, 8121, 1337, 3277]
20150813 19:02_[3234, 9943, 3530, 6467]
20150813 19:03_[6290, 6327, 1037, 1761]
20150813 19:04_[3114, 2597, 8212, 9740]
20150813 19:05_[8821, 5755, 1975, 8724]
20150813 19:06_[4619, 2901, 6576, 6767]
20150813 19:07_[1157, 2282, 6472, 3824]
20150813 19:08_[8765, 7849, 6940, 9386]
20150813 19:09_[1299, 6018, 5525, 5842]
20150813 19:10_[3333, 5525, 8508, 5629]
20150813 19:11_[4556, 1030, 5079, 3714]
20150813 19:12_[9655, 9723, 4317, 4279]
20150813 19:13_[3586, 1629, 7446, 1310]
20150813 19:14_[5360, 4142, 2161, 2953]
20150813 19:15_[3856, 1000, 8820, 1948]
20150813 19:16_[1154, 8387, 5324, 1717]
20150813 19:17_[6837, 7625, 6596, 4146]
20150813 19:18_[7510, 7732, 2633, 8261]
20150813 19:19_[7145, 3358, 8724, 5683]
20150813 19:20_[8591, 9684, 1236, 4111]
20150813 19:21_[9046, 2021, 3914, 8088]
20150813 19:22_[1436, 7735, 8008, 9289]
20150813 19:23_[3754, 1735, 5695, 4389]
20150813 19:24_[7176, 1519, 2148, 6108]
20150813 19:25_[3095, 4774, 6009, 8854]
20150813 19:26_[7049, 4360, 7768, 5079]
20150813 19:27_[5290, 1453, 5472, 6921]
20150813 19:28_[1965, 8463, 1363, 9048]
20150813 19:29_[2342, 4525, 6237, 5798]
20150813 19:30_[2353, 1802, 3894, 3667]
20150813 19:31_[2659, 6123, 9612, 8538]
20150813 19:32_[7498, 7026, 2478, 9713]
20150813 19:33_[2287, 4198, 3778, 8790]
20150813 19:34_[1342, 7723, 4881, 7835]
20150813 19:35_[7787, 8721, 3976, 3767]
20150813 19:36_[9992, 1808, 3667, 9064]
20150813 19:37_[3143, 1907, 3388, 3141]
20150813 19:38_[1561, 5170, 8136, 7968]
20150813 19:39_[1525, 8591, 1932, 4770]
20150813 19:40_[9492, 1718, 1023, 7155]
20150813 19:41_[1356, 4627, 6028, 6092]
20150813 19:42_[3213, 2496, 4261, 5928]
20150813 19:43_[1164, 7340, 4656, 5474]
20150813 19:44_[2169, 4931, 4548, 6063]
20150813 19:45_[6410, 6065, 7286, 4086]
20150813 19:46_[3747, 8567, 4291, 7664]
20150813 19:47_[5210, 8174, 8592, 2246]
20150813 19:48_[6657, 8449, 2091, 5512]
20150813 19:49_[2099, 5686, 7928, 8915]
20150813 19:50_[4345, 1714, 1162, 9019]
20150813 19:51_[5969, 7366, 5148, 2660]
20150813 19:52_[5965, 7747, 7126, 8118]
20150813 19:53_[5544, 8209, 2242, 4600]
20150813 19:54_[2748, 3443, 8836, 9750]
20150813 19:55_[4428, 8936, 8635, 9245]
20150813 19:56_[2507, 9145, 2017, 5814]
20150813 19:57_[7670, 3512, 7532, 3120]
20150813 19:58_[6897, 7970, 3636, 2695]
20150813 19:59_[8884, 9834, 1207, 8902]
20150813 20:00_[4607, 1752, 2154, 5615]
20150813 20:01_[2311, 5314, 2846, 3900]
20150813 20:02_[8719, 5355, 5589, 1821]
20150813 20:03_[8960, 5454, 5272, 5143]
20150813 20:04_[1568, 3596, 4362, 3059]
20150813 20:05_[9353, 7524, 4053, 3626]
20150813 20:06_[2516, 5290, 5205, 6144]
20150813 20:07_[6245, 5387, 7294, 4624]
20150813 20:08_[8779, 9853, 9416, 1024]
20150813 20:09_[2875, 3366, 3943, 3497]
20150813 20:10_[5362, 4291, 8102, 5660]
20150813 20:11_[1695, 1333, 8224, 7537]
20150813 20:12_[4318, 8441, 7335, 3479]
20150813 20:13_[7386, 2659, 7841, 9603]
20150813 20:14_[7263, 4539, 8828, 7942]
20150813 20:15_[5121, 2727, 2164, 8636]
20150813 20:16_[4085, 1417, 2087, 3260]
20150813 20:17_[1928, 4475, 7043, 3230]
20150813 20:18_[5704, 1586, 9757, 7932]
20150813 20:19_[1253, 5893, 8162, 9310]
20150813 20:20_[1759, 5102, 6152, 3628]
20150813 20:21_[4012, 6668, 9877, 9268]
20150813 20:22_[5941, 3996, 1186, 9269]
20150813 20:23_[8101, 3931, 5447, 5889]
20150813 20:24_[5453, 9229, 5249, 6319]
20150813 20:25_[5146, 2648, 9589, 7636]
20150813 20:26_[7511, 2772, 1850, 4959]
20150813 20:27_[5001, 9247, 4380, 1941]
20150813 20:28_[3284, 4455, 2944, 8655]
20150813 20:29_[6709, 6989, 4104, 9911]
20150813 20:30_[3781, 3591, 1573, 8329]
20150813 20:31_[4193, 5795, 6794, 8159]
20150813 20:32_[2991, 2306, 8330, 2268]
20150813 20:33_[4944, 5269, 8699, 3607]
20150813 20:34_[6948, 3455, 9822, 4412]
20150813 20:35_[3724, 1626, 5899, 5438]
20150813 20:36_[6726, 5065, 5479, 4386]
20150813 20:37_[1728, 5142, 1229, 7222]
20150813 20:38_[8715, 4671, 4671, 4376]
20150813 20:39_[7510, 6833, 9981, 4856]
20150813 20:40_[7889, 1201, 2554, 8813]
20150813 20:41_[7943, 9726, 9419, 5559]
20150813 20:42_[1231, 9937, 9514, 1904]
20150813 20:43_[6315, 4655, 4835, 2873]
20150813 20:44_[7814, 1964, 9063, 9544]
20150813 20:45_[9846, 3682, 4087, 4283]
20150813 20:46_[2878, 5619, 1599, 5944]
20150813 20:47_[6355, 2625, 9877, 2962]
20150813 20:48_[4672, 7403, 4389, 5024]
20150813 20:49_[1141, 9688, 7619, 5608]
20150813 20:50_[1361, 7557, 3585, 7753]
20150813 20:51_[4352, 4116, 9324, 1823]
20150813 20:52_[6193, 4050, 6441, 2243]
20150813 20:53_[3153, 5708, 9222, 2693]
20150813 20:54_[4280, 5051, 4581, 6170]
20150813 20:55_[3967, 1662, 8474, 3759]
20150813 20:56_[1571, 9045, 8788, 5848]
20150813 20:57_[7867, 9828, 7677, 3992]
20150813 20:58_[1309, 7477, 1007, 7841]
20150813 20:59_[7444, 2530, 8841, 9471]
20150813 21:00_[7176, 5722, 5536, 6313]
20150813 21:01_[4886, 6224, 5304, 6215]
20150813 21:02_[3127, 4101, 8051, 9107]
20150813 21:03_[6126, 4113, 2661, 3259]
20150813 21:04_[6315, 3447, 9135, 7046]
20150813 21:05_[5981, 2037, 2831, 1690]
20150813 21:06_[3310, 6811, 2728, 9915]
20150813 21:07_[4681, 7291, 2358, 5990]
20150813 21:08_[5258, 4812, 9400, 5053]
20150813 21:09_[8929, 2174, 6927, 1990]
20150813 21:10_[3116, 4482, 2340, 9920]
20150813 21:11_[7414, 3956, 4317, 9073]
20150813 21:12_[8792, 3818, 2454, 5797]
20150813 21:13_[1223, 2723, 5488, 3872]
20150813 21:14_[9875, 3540, 2113, 5893]
20150813 21:15_[5440, 5583, 2469, 6103]
20150813 21:16_[2542, 4286, 2044, 7355]
20150813 21:17_[6391, 5407, 5285, 6313]
20150813 21:18_[6891, 4638, 7017, 1429]
20150813 21:19_[6635, 7827, 6194, 4325]
20150813 21:20_[5795, 7000, 5814, 1786]
20150813 21:21_[6138, 1562, 7851, 7384]
20150813 21:22_[6154, 3656, 3635, 6212]
20150813 21:23_[3488, 6745, 2184, 5944]
20150813 21:24_[1140, 1309, 8390, 3387]
20150813 21:25_[4704, 5869, 4076, 9510]
20150813 21:26_[4199, 9949, 1742, 8484]
20150813 21:27_[6369, 6471, 1789, 1900]
20150813 21:28_[8911, 4343, 4717, 7126]
20150813 21:29_[6451, 2888, 9986, 5237]
20150813 21:30_[1705, 5209, 3049, 2852]
20150813 21:31_[9393, 6150, 7961, 8728]
20150813 21:32_[8995, 1455, 1827, 1565]
20150813 21:33_[2194, 8956, 2828, 4825]
20150813 21:34_[5653, 5725, 9680, 2213]
20150813 21:35_[2896, 6292, 3940, 8841]
20150813 21:36_[7207, 2430, 1306, 3556]
20150813 21:37_[8459, 8551, 6686, 3998]
20150813 21:38_[5451, 8285, 2460, 9686]
20150813 21:39_[1817, 2377, 9434, 1161]
20150813 21:40_[6675, 8741, 5144, 7755]
20150813 21:41_[4529, 1314, 4587, 1076]
20150813 21:42_[1919, 8968, 3551, 3081]
20150813 21:43_[4449, 8295, 9551, 4082]
20150813 21:44_[9193, 4955, 8985, 7151]
20150813 21:45_[8439, 5476, 8889, 4677]
20150813 21:46_[7020, 3377, 6785, 9954]
20150813 21:47_[3454, 5780, 8921, 8880]
20150813 21:48_[6813, 7231, 1822, 1918]
20150813 21:49_[7062, 3869, 2538, 4612]
20150813 21:50_[3070, 8747, 7766, 1792]
20150813 21:51_[8948, 8927, 7637, 7041]
20150813 21:52_[7596, 1448, 4439, 1728]
20150813 21:53_[6670, 4656, 5833, 1014]
20150813 21:54_[5922, 5819, 2750, 8245]
20150813 21:55_[7705, 1939, 1100, 2386]
20150813 21:56_[1591, 8229, 4746, 9396]
20150813 21:57_[1194, 7834, 9509, 6486]
20150813 21:58_[3081, 2817, 3318, 6992]
20150813 21:59_[4217, 7874, 7115, 1716]
20150813 22:00_[9343, 7721, 7108, 4270]
20150813 22:01_[2991, 1404, 4432, 2402]
20150813 22:02_[3672, 9356, 2469, 6599]
20150813 22:03_[2128, 9086, 2156, 1143]
20150813 22:04_[2007, 8349, 8777, 6515]
20150813 22:05_[1273, 9978, 6541, 2965]
20150813 22:06_[4932, 5148, 4345, 3394]
20150813 22:07_[6759, 2660, 8339, 6919]
20150813 22:08_[8740, 2534, 9161, 8228]
20150813 22:09_[3038, 8027, 6626, 4734]
20150813 22:10_[3189, 5548, 7679, 4430]
20150813 22:11_[5996, 8896, 3568, 6989]
20150813 22:12_[2056, 6330, 5537, 4693]
20150813 22:13_[6990, 2734, 7684, 7890]
20150813 22:14_[7671, 9574, 3788, 4084]
20150813 22:15_[6923, 6076, 7370, 4404]
20150813 22:16_[9831, 5282, 4247, 8531]
20150813 22:17_[9788, 4543, 7502, 1772]
20150813 22:18_[4574, 2771, 7006, 6550]
20150813 22:19_[2242, 6067, 3215, 6246]
20150813 22:20_[4408, 3067, 6410, 9307]
20150813 22:21_[7283, 7893, 6213, 4165]
20150813 22:22_[9131, 4663, 1709, 2804]
20150813 22:23_[5696, 3041, 6170, 9774]
20150813 22:24_[4290, 8294, 4312, 1033]
20150813 22:25_[2308, 5280, 7683, 4202]
20150813 22:26_[1515, 7936, 2642, 3377]
20150813 22:27_[2650, 9241, 6480, 2333]
20150813 22:28_[4078, 8221, 5942, 3916]
20150813 22:29_[8656, 8788, 3732, 3578]
20150813 22:30_[7327, 6552, 7052, 4623]
20150813 22:31_[7177, 7627, 9543, 9377]
20150813 22:32_[4236, 5234, 4639, 4171]
20150813 22:33_[3234, 1380, 9936, 6006]
20150813 22:34_[4539, 4750, 6695, 2888]
20150813 22:35_[5936, 2780, 1836, 2796]
20150813 22:36_[3003, 7198, 6074, 6619]
20150813 22:37_[7778, 8701, 9890, 5740]
20150813 22:38_[1496, 3360, 9760, 8247]
20150813 22:39_[5726, 4609, 5059, 8778]
20150813 22:40_[5422, 4311, 8887, 4888]
20150813 22:41_[8210, 1094, 3644, 4709]
20150813 22:42_[2639, 3531, 7211, 3377]
20150813 22:43_[6166, 5335, 4486, 8177]
20150813 22:44_[4918, 4518, 5652, 9336]
20150813 22:45_[1158, 2338, 3621, 3148]
20150813 22:46_[9972, 7775, 5233, 2526]
20150813 22:47_[2802, 3119, 3006, 3657]
20150813 22:48_[3829, 3914, 4819, 6996]
20150813 22:49_[8817, 5693, 3953, 5314]
20150813 22:50_[9655, 9451, 5523, 8093]
20150813 22:51_[3356, 1597, 5146, 3609]
20150813 22:52_[5433, 5243, 1930, 8144]
20150813 22:53_[7310, 5512, 3769, 6477]
20150813 22:54_[6676, 1631, 1723, 3321]
20150813 22:55_[2974, 9626, 2374, 4696]
20150813 22:56_[2231, 2276, 3552, 6832]
20150813 22:57_[7575, 4683, 8541, 6252]
20150813 22:58_[1601, 5941, 2088, 8931]
20150813 22:59_[8167, 9329, 5440, 6999]
20150813 23:00_[9236, 7093, 7500, 4237]
20150813 23:01_[4362, 9781, 8216, 6200]
20150813 23:02_[9866, 8188, 9106, 3586]
20150813 23:03_[8239, 2099, 9458, 6961]
20150813 23:04_[2826, 2943, 5820, 3304]
20150813 23:05_[8713, 6765, 4657, 5800]
20150813 23:06_[7814, 3284, 1300, 3897]
20150813 23:07_[6231, 8216, 6673, 9184]
20150813 23:08_[2965, 4100, 7222, 2451]
20150813 23:09_[8558, 5964, 8976, 8872]
20150813 23:10_[8221, 9550, 2661, 4739]
20150813 23:11_[8977, 8101, 3474, 3057]
20150813 23:12_[3119, 6564, 1833, 1702]
20150813 23:13_[8046, 3285, 9631, 9877]
20150813 23:14_[7253, 8541, 2770, 6636]
20150813 23:15_[4478, 1480, 3594, 6450]
20150813 23:16_[4845, 4206, 3435, 9908]
20150813 23:17_[7142, 9462, 9774, 5495]
20150813 23:18_[1495, 1413, 9929, 5206]
20150813 23:19_[3888, 6603, 8637, 7832]
20150813 23:20_[2590, 5019, 1050, 8347]
20150813 23:21_[3233, 3503, 1403, 6887]
20150813 23:22_[5175, 7689, 8547, 1518]
20150813 23:23_[3135, 2672, 6141, 3025]
20150813 23:24_[7347, 4052, 3502, 2410]
20150813 23:25_[4492, 6738, 8213, 4324]
20150813 23:26_[1417, 8069, 3021, 9101]
20150813 23:27_[7213, 8533, 9288, 8472]
20150813 23:28_[3266, 6401, 3282, 7347]
20150813 23:29_[5940, 2999, 4309, 5402]
20150813 23:30_[6770, 3625, 2989, 9826]
20150813 23:31_[8194, 3432, 8665, 2418]
20150813 23:32_[6531, 5619, 6181, 2182]
20150813 23:33_[1284, 5046, 3613, 3374]
20150813 23:34_[8444, 6344, 8075, 1348]
20150813 23:35_[8183, 5935, 1591, 5512]
20150813 23:36_[7733, 4806, 4599, 6891]
20150813 23:37_[9473, 5135, 8439, 9890]
20150813 23:38_[4476, 8674, 9325, 7092]
20150813 23:39_[6176, 3456, 5687, 5719]
20150813 23:40_[8279, 6468, 2872, 9709]
20150813 23:41_[2127, 2717, 7576, 1484]
20150813 23:42_[4024, 5830, 8960, 2802]
20150813 23:43_[7918, 3396, 3689, 1895]
20150813 23:44_[9433, 9766, 6923, 5460]
20150813 23:45_[1997, 6319, 6715, 8465]
20150813 23:46_[7327, 3059, 2933, 2858]
20150813 23:47_[8898, 7793, 4404, 9213]
20150813 23:48_[9037, 1665, 8028, 4771]
20150813 23:49_[8949, 1017, 2140, 7752]
20150813 23:50_[3222, 2598, 7806, 3833]
20150813 23:51_[6445, 3836, 1240, 6083]
20150813 23:52_[3590, 5256, 7267, 4339]
20150813 23:53_[2682, 1872, 2342, 5063]
20150813 23:54_[7854, 4670, 8594, 9420]
20150813 23:55_[8342, 3570, 9807, 2245]
20150813 23:56_[2057, 4852, 3996, 8315]
20150813 23:57_[5687, 1451, 8075, 2922]
20150813 23:58_[6483, 1370, 3123, 7241]
20150813 23:59_[7165, 3120, 8034, 8793]
