20150809 00:00_[9486, 3097, 6191, 9281]
20150809 00:01_[1125, 1954, 3452, 1314]
20150809 00:02_[3713, 2656, 6972, 6372]
20150809 00:03_[2790, 1588, 2547, 4462]
20150809 00:04_[8461, 2737, 7882, 3601]
20150809 00:05_[5777, 2031, 1861, 8473]
20150809 00:06_[6718, 2491, 6638, 9191]
20150809 00:07_[7625, 1205, 5029, 1446]
20150809 00:08_[4489, 1226, 2468, 7710]
20150809 00:09_[4578, 8745, 6478, 7158]
20150809 00:10_[2542, 5488, 9754, 6542]
20150809 00:11_[4993, 6321, 8977, 2693]
20150809 00:12_[4270, 5666, 6241, 9901]
20150809 00:13_[2422, 3157, 2348, 7744]
20150809 00:14_[3342, 3275, 1744, 4598]
20150809 00:15_[8656, 4284, 2962, 2335]
20150809 00:16_[9281, 1803, 3858, 4251]
20150809 00:17_[8080, 7562, 6074, 4309]
20150809 00:18_[2597, 9639, 8388, 3265]
20150809 00:19_[8203, 5294, 5037, 9885]
20150809 00:20_[1046, 2234, 8946, 3015]
20150809 00:21_[9716, 9264, 5550, 2736]
20150809 00:22_[2642, 2163, 8969, 9290]
20150809 00:23_[2250, 7788, 6823, 8337]
20150809 00:24_[1341, 5598, 8118, 7540]
20150809 00:25_[7767, 2240, 3891, 2174]
20150809 00:26_[4636, 8450, 5951, 8560]
20150809 00:27_[2890, 3674, 3272, 4212]
20150809 00:28_[1282, 9677, 3732, 5603]
20150809 00:29_[4388, 4619, 3752, 4902]
20150809 00:30_[5540, 3526, 4652, 9616]
20150809 00:31_[5305, 1171, 9205, 1837]
20150809 00:32_[3939, 5294, 4406, 3851]
20150809 00:33_[9483, 2768, 1314, 1823]
20150809 00:34_[3891, 4851, 1423, 3496]
20150809 00:35_[8107, 5321, 1872, 3309]
20150809 00:36_[6559, 8457, 8340, 1042]
20150809 00:37_[2005, 4014, 5915, 7445]
20150809 00:38_[1187, 3254, 8558, 2679]
20150809 00:39_[8863, 1286, 9909, 1394]
20150809 00:40_[6130, 8109, 7590, 9573]
20150809 00:41_[3935, 7571, 3079, 4746]
20150809 00:42_[9691, 7855, 1603, 8512]
20150809 00:43_[7127, 2814, 2515, 6164]
20150809 00:44_[6374, 3873, 3242, 5565]
20150809 00:45_[1275, 4031, 7732, 5821]
20150809 00:46_[9286, 2965, 9463, 8584]
20150809 00:47_[5271, 2519, 1116, 5048]
20150809 00:48_[9167, 4142, 9340, 2851]
20150809 00:49_[2915, 2564, 6233, 2120]
20150809 00:50_[8860, 5658, 1348, 3496]
20150809 00:51_[1625, 9163, 6170, 7921]
20150809 00:52_[2684, 6192, 8588, 6513]
20150809 00:53_[3847, 3821, 5849, 6829]
20150809 00:54_[8085, 5278, 4382, 9786]
20150809 00:55_[4241, 1835, 2111, 8454]
20150809 00:56_[2822, 4422, 7521, 5861]
20150809 00:57_[4395, 9851, 9660, 3692]
20150809 00:58_[8873, 6647, 2333, 6595]
20150809 00:59_[5614, 2400, 8558, 2344]
20150809 01:00_[2785, 3896, 3063, 3243]
20150809 01:01_[8717, 8487, 9097, 8868]
20150809 01:02_[9460, 9115, 5642, 8361]
20150809 01:03_[4447, 4507, 1474, 2036]
20150809 01:04_[1919, 8339, 5364, 3861]
20150809 01:05_[5220, 9849, 5036, 6683]
20150809 01:06_[6634, 6597, 1073, 5864]
20150809 01:07_[5640, 8940, 3784, 2276]
20150809 01:08_[4566, 4072, 7568, 6568]
20150809 01:09_[8062, 8290, 2176, 7933]
20150809 01:10_[8305, 2255, 7931, 9945]
20150809 01:11_[6855, 7875, 8986, 7510]
20150809 01:12_[8795, 9548, 4508, 7881]
20150809 01:13_[9995, 7352, 5522, 1957]
20150809 01:14_[7185, 2762, 6713, 4515]
20150809 01:15_[1729, 6238, 6820, 7756]
20150809 01:16_[7779, 1533, 3607, 5060]
20150809 01:17_[7297, 1251, 3643, 8339]
20150809 01:18_[9783, 7176, 6031, 8607]
20150809 01:19_[5970, 6496, 6777, 9754]
20150809 01:20_[9084, 3812, 8172, 1086]
20150809 01:21_[7757, 7907, 6502, 8336]
20150809 01:22_[9487, 8696, 2273, 2713]
20150809 01:23_[4361, 7177, 5093, 1330]
20150809 01:24_[4504, 1827, 6009, 4432]
20150809 01:25_[3929, 1494, 3408, 5380]
20150809 01:26_[7770, 6162, 4550, 1044]
20150809 01:27_[9896, 8906, 7408, 4118]
20150809 01:28_[2853, 2122, 5298, 1985]
20150809 01:29_[5779, 8440, 6781, 8756]
20150809 01:30_[6055, 5549, 4456, 9284]
20150809 01:31_[8681, 5293, 5911, 2287]
20150809 01:32_[2832, 4472, 6864, 5413]
20150809 01:33_[5815, 8168, 8969, 2287]
20150809 01:34_[2361, 3799, 2700, 6145]
20150809 01:35_[2965, 9670, 5842, 5236]
20150809 01:36_[6093, 1096, 5108, 7447]
20150809 01:37_[7170, 2309, 3011, 7337]
20150809 01:38_[5446, 4177, 1564, 9883]
20150809 01:39_[5213, 1198, 3202, 6888]
20150809 01:40_[4556, 2928, 2744, 7394]
20150809 01:41_[7575, 6664, 7960, 9882]
20150809 01:42_[9293, 8528, 1674, 4527]
20150809 01:43_[4429, 7015, 5671, 5850]
20150809 01:44_[2437, 6654, 8608, 5390]
20150809 01:45_[9042, 8883, 8105, 2343]
20150809 01:46_[4284, 8922, 4812, 2790]
20150809 01:47_[5487, 5383, 1836, 7691]
20150809 01:48_[5714, 1527, 4377, 4584]
20150809 01:49_[8692, 3883, 7753, 7043]
20150809 01:50_[7126, 7244, 5011, 5559]
20150809 01:51_[5085, 8396, 9168, 2465]
20150809 01:52_[8793, 9644, 5535, 9517]
20150809 01:53_[8255, 9918, 8955, 6986]
20150809 01:54_[9214, 3009, 1116, 3727]
20150809 01:55_[2027, 9628, 2789, 4021]
20150809 01:56_[2775, 9648, 4578, 4564]
20150809 01:57_[2088, 2689, 9962, 3256]
20150809 01:58_[2703, 5355, 3010, 5532]
20150809 01:59_[5323, 4560, 9640, 3649]
20150809 02:00_[9781, 7848, 7766, 2603]
20150809 02:01_[9770, 6046, 9706, 5139]
20150809 02:02_[3260, 2033, 7420, 4288]
20150809 02:03_[2485, 9582, 1168, 9544]
20150809 02:04_[3730, 8389, 2388, 8470]
20150809 02:05_[5504, 6803, 4510, 5848]
20150809 02:06_[7847, 2475, 8350, 3364]
20150809 02:07_[5716, 8872, 9459, 5563]
20150809 02:08_[1864, 6609, 9185, 7470]
20150809 02:09_[6060, 8171, 9216, 2056]
20150809 02:10_[2321, 9002, 9053, 9914]
20150809 02:11_[2155, 5979, 6841, 8621]
20150809 02:12_[6891, 6111, 5519, 6767]
20150809 02:13_[8576, 6244, 2075, 6800]
20150809 02:14_[1421, 3792, 9337, 3833]
20150809 02:15_[3566, 8401, 7744, 3072]
20150809 02:16_[8122, 3928, 8096, 8296]
20150809 02:17_[4859, 7180, 3038, 6251]
20150809 02:18_[7425, 8384, 5290, 7890]
20150809 02:19_[2906, 1028, 9623, 8871]
20150809 02:20_[3367, 6302, 5899, 2591]
20150809 02:21_[5568, 6659, 8373, 3323]
20150809 02:22_[1882, 9780, 6154, 9647]
20150809 02:23_[8508, 3144, 8552, 2065]
20150809 02:24_[8067, 8258, 9278, 6968]
20150809 02:25_[7699, 1441, 4679, 5418]
20150809 02:26_[2520, 9564, 7562, 6383]
20150809 02:27_[4216, 9363, 7648, 9822]
20150809 02:28_[4219, 1709, 7141, 9414]
20150809 02:29_[2562, 5070, 8556, 5339]
20150809 02:30_[7499, 6055, 2539, 9042]
20150809 02:31_[2033, 5402, 8265, 9908]
20150809 02:32_[6489, 5744, 1833, 1085]
20150809 02:33_[2783, 1581, 7371, 7838]
20150809 02:34_[5494, 6955, 3969, 2373]
20150809 02:35_[4187, 6019, 4484, 6884]
20150809 02:36_[3191, 9394, 8019, 5773]
20150809 02:37_[2371, 4918, 2577, 8952]
20150809 02:38_[2845, 1388, 1845, 7947]
20150809 02:39_[1970, 8681, 4159, 4900]
20150809 02:40_[9550, 7168, 5818, 1208]
20150809 02:41_[6852, 9009, 2356, 9553]
20150809 02:42_[2567, 6492, 8058, 9160]
20150809 02:43_[5743, 4629, 1782, 6709]
20150809 02:44_[8679, 1932, 9244, 5304]
20150809 02:45_[5872, 1784, 1795, 8293]
20150809 02:46_[4028, 3022, 1467, 7800]
20150809 02:47_[1276, 7780, 3636, 1203]
20150809 02:48_[2147, 5867, 4538, 1935]
20150809 02:49_[6372, 5775, 9782, 8049]
20150809 02:50_[2917, 4020, 7993, 6779]
20150809 02:51_[8734, 7947, 8821, 3489]
20150809 02:52_[7352, 2903, 8395, 1292]
20150809 02:53_[5539, 2698, 4793, 8102]
20150809 02:54_[6390, 5359, 6656, 9322]
20150809 02:55_[4214, 9262, 3197, 9879]
20150809 02:56_[6983, 7002, 7850, 5681]
20150809 02:57_[8660, 1596, 2746, 5949]
20150809 02:58_[3896, 7874, 9551, 3876]
20150809 02:59_[1515, 5079, 6107, 9737]
20150809 03:00_[5844, 8584, 3744, 7030]
20150809 03:01_[6590, 3222, 9441, 5229]
20150809 03:02_[4065, 5338, 3590, 8808]
20150809 03:03_[3883, 8044, 5959, 2074]
20150809 03:04_[3562, 6078, 9616, 7650]
20150809 03:05_[2348, 4515, 2821, 2279]
20150809 03:06_[1737, 8185, 1491, 8864]
20150809 03:07_[6791, 6066, 5176, 1278]
20150809 03:08_[9920, 2661, 1820, 2728]
20150809 03:09_[1502, 5162, 4100, 1557]
20150809 03:10_[5876, 1775, 4300, 9019]
20150809 03:11_[6551, 4023, 8245, 1063]
20150809 03:12_[2814, 6373, 8852, 4233]
20150809 03:13_[9400, 6106, 1144, 8507]
20150809 03:14_[2425, 4474, 4166, 5386]
20150809 03:15_[9573, 2411, 6344, 2624]
20150809 03:16_[3085, 9045, 5070, 7762]
20150809 03:17_[2567, 5445, 9842, 1087]
20150809 03:18_[7421, 1103, 2185, 8763]
20150809 03:19_[2101, 3907, 3959, 4633]
20150809 03:20_[6487, 1939, 5206, 3390]
20150809 03:21_[3739, 5089, 7680, 3912]
20150809 03:22_[9904, 9625, 2794, 2448]
20150809 03:23_[2788, 2256, 7254, 4511]
20150809 03:24_[3376, 2882, 6757, 6921]
20150809 03:25_[2997, 2187, 2807, 8210]
20150809 03:26_[1560, 2262, 2274, 5165]
20150809 03:27_[6603, 7855, 1208, 3495]
20150809 03:28_[5804, 6698, 8153, 6073]
20150809 03:29_[7373, 2382, 6063, 8529]
20150809 03:30_[6518, 7451, 7496, 1196]
20150809 03:31_[4787, 8835, 9263, 9818]
20150809 03:32_[9409, 6998, 2746, 7905]
20150809 03:33_[1818, 2300, 4956, 5166]
20150809 03:34_[8401, 3425, 9201, 8737]
20150809 03:35_[5620, 8938, 5042, 4844]
20150809 03:36_[3072, 8369, 7322, 8885]
20150809 03:37_[9419, 1818, 8654, 2494]
20150809 03:38_[4841, 6436, 4558, 8063]
20150809 03:39_[5727, 4496, 2589, 1328]
20150809 03:40_[8368, 5498, 3939, 6103]
20150809 03:41_[6275, 4852, 3168, 1571]
20150809 03:42_[5461, 1858, 2956, 9041]
20150809 03:43_[9732, 2416, 7970, 8897]
20150809 03:44_[4345, 1393, 5720, 4471]
20150809 03:45_[7579, 1129, 5146, 9773]
20150809 03:46_[9194, 2174, 5730, 6483]
20150809 03:47_[1354, 2486, 3314, 1605]
20150809 03:48_[1839, 1065, 4990, 6024]
20150809 03:49_[6847, 2910, 1191, 9745]
20150809 03:50_[7257, 3859, 7565, 6122]
20150809 03:51_[3465, 5187, 2542, 5191]
20150809 03:52_[9271, 5077, 8095, 5044]
20150809 03:53_[8142, 2840, 9083, 2747]
20150809 03:54_[5386, 4082, 3061, 4424]
20150809 03:55_[2234, 6085, 9367, 8723]
20150809 03:56_[9533, 2598, 2313, 6998]
20150809 03:57_[3377, 3738, 3575, 3490]
20150809 03:58_[8807, 9990, 9065, 8925]
20150809 03:59_[7742, 5914, 7276, 2884]
20150809 04:00_[6738, 1741, 8485, 3009]
20150809 04:01_[6300, 6284, 2798, 4054]
20150809 04:02_[6110, 6435, 1296, 2484]
20150809 04:03_[7078, 2729, 6576, 1180]
20150809 04:04_[3624, 9838, 1130, 5598]
20150809 04:05_[2479, 8978, 4633, 7508]
20150809 04:06_[4083, 9497, 8608, 1060]
20150809 04:07_[9797, 5531, 9860, 2875]
20150809 04:08_[9533, 9831, 9572, 5688]
20150809 04:09_[9031, 2806, 9367, 8785]
20150809 04:10_[6135, 7492, 8948, 5454]
20150809 04:11_[9807, 5243, 5137, 5778]
20150809 04:12_[9715, 3372, 7954, 5537]
20150809 04:13_[8963, 8456, 3399, 6380]
20150809 04:14_[7718, 7533, 8935, 8168]
20150809 04:15_[3469, 3314, 6908, 1519]
20150809 04:16_[1260, 7692, 5250, 5855]
20150809 04:17_[6522, 3515, 2098, 1421]
20150809 04:18_[6428, 2918, 6713, 1847]
20150809 04:19_[9395, 1898, 7062, 9530]
20150809 04:20_[5599, 3534, 6362, 7793]
20150809 04:21_[1407, 8732, 7031, 3055]
20150809 04:22_[1958, 5818, 6807, 9916]
20150809 04:23_[9601, 3739, 5930, 8426]
20150809 04:24_[3416, 3464, 2859, 8181]
20150809 04:25_[7224, 6397, 5057, 9319]
20150809 04:26_[1362, 3481, 7140, 2386]
20150809 04:27_[4724, 1691, 3410, 1693]
20150809 04:28_[8452, 4666, 9525, 5644]
20150809 04:29_[9087, 9209, 5021, 4855]
20150809 04:30_[2182, 8324, 3467, 4477]
20150809 04:31_[3308, 8614, 7781, 7309]
20150809 04:32_[5450, 3387, 4519, 8251]
20150809 04:33_[3046, 9617, 3508, 8253]
20150809 04:34_[8752, 7586, 8090, 1828]
20150809 04:35_[1775, 9658, 3354, 2667]
20150809 04:36_[7612, 8353, 4980, 2073]
20150809 04:37_[8794, 3403, 2102, 7047]
20150809 04:38_[7405, 8757, 6443, 7419]
20150809 04:39_[3033, 9057, 9903, 8744]
20150809 04:40_[2181, 7614, 3986, 1723]
20150809 04:41_[4263, 7426, 1508, 1323]
20150809 04:42_[9450, 8366, 5477, 7819]
20150809 04:43_[7965, 1620, 2640, 4445]
20150809 04:44_[4339, 5883, 3062, 3778]
20150809 04:45_[5297, 1529, 4866, 8957]
20150809 04:46_[1585, 5459, 3528, 6443]
20150809 04:47_[9273, 6446, 2490, 4994]
20150809 04:48_[6970, 8449, 2787, 9152]
20150809 04:49_[8832, 9436, 6881, 7201]
20150809 04:50_[3662, 7154, 9415, 9974]
20150809 04:51_[5843, 1320, 1248, 8990]
20150809 04:52_[1350, 9039, 1651, 2961]
20150809 04:53_[8433, 7189, 5636, 6342]
20150809 04:54_[9777, 4293, 3511, 5592]
20150809 04:55_[4753, 6264, 6694, 8510]
20150809 04:56_[8206, 5854, 8090, 6244]
20150809 04:57_[8665, 6778, 8457, 2512]
20150809 04:58_[1166, 7153, 2021, 3283]
20150809 04:59_[5888, 3026, 3888, 5245]
20150809 05:00_[1752, 6565, 9301, 4773]
20150809 05:01_[4521, 8387, 7139, 3375]
20150809 05:02_[9868, 8059, 1453, 5771]
20150809 05:03_[7018, 6066, 4445, 8698]
20150809 05:04_[3117, 7902, 8128, 9104]
20150809 05:05_[6934, 5077, 3321, 7028]
20150809 05:06_[9022, 7358, 3383, 2092]
20150809 05:07_[9263, 2132, 1537, 2753]
20150809 05:08_[3543, 9235, 5378, 9493]
20150809 05:09_[3832, 5501, 6813, 4201]
20150809 05:10_[9929, 5521, 6011, 9533]
20150809 05:11_[4184, 7319, 7808, 3187]
20150809 05:12_[5775, 9810, 8802, 3690]
20150809 05:13_[7804, 1873, 8351, 8798]
20150809 05:14_[1191, 9086, 2587, 6502]
20150809 05:15_[1629, 6152, 9490, 7893]
20150809 05:16_[5366, 6355, 6427, 3695]
20150809 05:17_[7993, 2583, 2085, 7292]
20150809 05:18_[7416, 6878, 9025, 4027]
20150809 05:19_[3556, 5421, 2018, 7395]
20150809 05:20_[5951, 6676, 8763, 6117]
20150809 05:21_[8069, 5146, 1323, 1421]
20150809 05:22_[7451, 4616, 2373, 1603]
20150809 05:23_[2360, 2813, 7059, 1526]
20150809 05:24_[4365, 4016, 6518, 1370]
20150809 05:25_[9914, 6713, 1655, 4113]
20150809 05:26_[4780, 3555, 2015, 9583]
20150809 05:27_[7753, 8813, 9094, 8821]
20150809 05:28_[4182, 6733, 5808, 2400]
20150809 05:29_[1027, 1917, 8799, 9271]
20150809 05:30_[5626, 3817, 6415, 1576]
20150809 05:31_[2614, 7507, 6679, 1773]
20150809 05:32_[6638, 5001, 1588, 9476]
20150809 05:33_[4452, 4830, 9681, 6681]
20150809 05:34_[2998, 6292, 9650, 7051]
20150809 05:35_[9346, 8059, 9460, 5749]
20150809 05:36_[5287, 2958, 4392, 9687]
20150809 05:37_[5531, 7161, 3300, 2947]
20150809 05:38_[6822, 8182, 9567, 5231]
20150809 05:39_[8911, 4878, 6841, 8082]
20150809 05:40_[5221, 8443, 8661, 9560]
20150809 05:41_[5686, 1145, 4548, 3272]
20150809 05:42_[9017, 7208, 7560, 4218]
20150809 05:43_[2074, 8471, 6509, 1538]
20150809 05:44_[7588, 7988, 8827, 1599]
20150809 05:45_[4131, 6057, 6482, 9947]
20150809 05:46_[9267, 1408, 9777, 1287]
20150809 05:47_[3499, 4862, 8700, 7208]
20150809 05:48_[1515, 6704, 1766, 1013]
20150809 05:49_[2844, 3419, 3275, 9850]
20150809 05:50_[9330, 2648, 7522, 1296]
20150809 05:51_[1446, 4910, 2122, 6290]
20150809 05:52_[3179, 1669, 8875, 8898]
20150809 05:53_[9019, 4256, 4911, 5266]
20150809 05:54_[6313, 5715, 1116, 5233]
20150809 05:55_[9182, 5516, 3293, 7698]
20150809 05:56_[1383, 7209, 6197, 1912]
20150809 05:57_[6732, 9944, 2693, 7779]
20150809 05:58_[6081, 9574, 4993, 9808]
20150809 05:59_[4952, 1144, 6185, 8629]
20150809 06:00_[6100, 9159, 4236, 8520]
20150809 06:01_[3608, 7257, 5019, 8617]
20150809 06:02_[5994, 1620, 7552, 3586]
20150809 06:03_[7200, 2733, 4701, 9974]
20150809 06:04_[2893, 7717, 1925, 3186]
20150809 06:05_[1254, 9191, 2386, 9703]
20150809 06:06_[7373, 9197, 8707, 2614]
20150809 06:07_[8969, 4115, 5184, 4757]
20150809 06:08_[1878, 2443, 9536, 2550]
20150809 06:09_[5951, 7153, 4929, 2537]
20150809 06:10_[2931, 1581, 8826, 4107]
20150809 06:11_[9595, 5376, 5828, 2397]
20150809 06:12_[1756, 3404, 7983, 4654]
20150809 06:13_[4463, 2092, 1545, 3752]
20150809 06:14_[5173, 8833, 4360, 4647]
20150809 06:15_[3650, 9478, 7734, 6881]
20150809 06:16_[9669, 3104, 6205, 5436]
20150809 06:17_[8747, 1195, 8334, 5242]
20150809 06:18_[8790, 7802, 4781, 9938]
20150809 06:19_[3329, 1529, 9776, 8006]
20150809 06:20_[7359, 9090, 7404, 8029]
20150809 06:21_[9715, 2159, 9332, 1750]
20150809 06:22_[1956, 4322, 2718, 4075]
20150809 06:23_[5983, 6890, 5840, 7887]
20150809 06:24_[3261, 7431, 6335, 4733]
20150809 06:25_[2272, 2352, 2833, 9082]
20150809 06:26_[6376, 5072, 4183, 2592]
20150809 06:27_[4202, 1881, 1573, 7367]
20150809 06:28_[3362, 6703, 8437, 7755]
20150809 06:29_[2104, 7922, 9324, 1855]
20150809 06:30_[8837, 7678, 7935, 9392]
20150809 06:31_[5550, 8833, 9760, 3901]
20150809 06:32_[2731, 2108, 5785, 4523]
20150809 06:33_[4596, 6182, 7293, 4333]
20150809 06:34_[1638, 9414, 3594, 3908]
20150809 06:35_[2514, 3251, 6770, 2994]
20150809 06:36_[7020, 4459, 4355, 4730]
20150809 06:37_[4361, 3843, 1824, 6874]
20150809 06:38_[3633, 1373, 3518, 9404]
20150809 06:39_[2113, 7534, 5876, 7297]
20150809 06:40_[9295, 5118, 9598, 6659]
20150809 06:41_[1636, 8608, 7283, 8217]
20150809 06:42_[7183, 4101, 4588, 4162]
20150809 06:43_[7248, 3884, 3472, 3436]
20150809 06:44_[8672, 2030, 7407, 3984]
20150809 06:45_[6033, 4288, 1268, 2831]
20150809 06:46_[5036, 1601, 7864, 6437]
20150809 06:47_[1048, 9655, 7205, 8955]
20150809 06:48_[1366, 6171, 6682, 7258]
20150809 06:49_[5532, 8416, 1866, 4045]
20150809 06:50_[9445, 2556, 1422, 3113]
20150809 06:51_[5007, 3448, 5718, 6107]
20150809 06:52_[8876, 9678, 5043, 3709]
20150809 06:53_[1310, 7126, 9974, 9731]
20150809 06:54_[2736, 1428, 3922, 5344]
20150809 06:55_[5498, 7165, 9573, 8394]
20150809 06:56_[3909, 9631, 8359, 5445]
20150809 06:57_[7219, 1704, 5715, 3361]
20150809 06:58_[6987, 6034, 7974, 8169]
20150809 06:59_[7366, 4998, 4037, 7952]
20150809 07:00_[1006, 4948, 5380, 6536]
20150809 07:01_[6067, 8453, 5435, 7315]
20150809 07:02_[3268, 3973, 8131, 6717]
20150809 07:03_[3827, 8482, 3391, 8201]
20150809 07:04_[8804, 9853, 6196, 4409]
20150809 07:05_[6595, 9368, 3775, 7925]
20150809 07:06_[8618, 8654, 4305, 9960]
20150809 07:07_[6605, 6936, 7901, 1677]
20150809 07:08_[7077, 8364, 1393, 3706]
20150809 07:09_[9538, 7959, 1295, 8717]
20150809 07:10_[9144, 5654, 7543, 8518]
20150809 07:11_[9087, 3987, 7689, 6074]
20150809 07:12_[4093, 5189, 2483, 9860]
20150809 07:13_[5037, 6289, 4814, 7154]
20150809 07:14_[7420, 3897, 8346, 4540]
20150809 07:15_[5229, 7611, 3051, 5718]
20150809 07:16_[4143, 9483, 8552, 6259]
20150809 07:17_[5683, 7004, 8819, 2315]
20150809 07:18_[9752, 2051, 1375, 8196]
20150809 07:19_[1043, 5538, 9634, 1067]
20150809 07:20_[3093, 4294, 4539, 3487]
20150809 07:21_[8209, 4812, 5132, 5238]
20150809 07:22_[8086, 1683, 1793, 8210]
20150809 07:23_[1090, 2124, 8622, 7197]
20150809 07:24_[4276, 9119, 5498, 7964]
20150809 07:25_[5874, 5034, 6306, 5962]
20150809 07:26_[6888, 5461, 9460, 6373]
20150809 07:27_[7631, 1426, 2541, 1172]
20150809 07:28_[3894, 6180, 5499, 6303]
20150809 07:29_[6698, 9630, 9908, 7423]
20150809 07:30_[6686, 7367, 1339, 4395]
20150809 07:31_[8464, 8883, 7969, 9574]
20150809 07:32_[8072, 1093, 1246, 6004]
20150809 07:33_[7730, 1256, 3485, 8737]
20150809 07:34_[1581, 4726, 4649, 3748]
20150809 07:35_[4203, 1657, 3433, 9103]
20150809 07:36_[8950, 3731, 5817, 1273]
20150809 07:37_[1713, 9306, 8987, 2926]
20150809 07:38_[9790, 5927, 4931, 4640]
20150809 07:39_[1615, 3632, 3759, 3230]
20150809 07:40_[5532, 1408, 7147, 1996]
20150809 07:41_[4525, 3437, 3384, 5738]
20150809 07:42_[8108, 2649, 5642, 7935]
20150809 07:43_[7887, 5704, 4915, 6048]
20150809 07:44_[7600, 4880, 4898, 6014]
20150809 07:45_[3635, 4626, 6119, 1997]
20150809 07:46_[7140, 6579, 3532, 6289]
20150809 07:47_[9027, 4852, 1493, 4097]
20150809 07:48_[1929, 5427, 8488, 4841]
20150809 07:49_[6659, 4214, 2333, 3946]
20150809 07:50_[9318, 9453, 9259, 7940]
20150809 07:51_[9936, 1194, 1174, 6872]
20150809 07:52_[6922, 5780, 3452, 1591]
20150809 07:53_[3759, 4539, 2256, 9643]
20150809 07:54_[1567, 5346, 5906, 9887]
20150809 07:55_[5456, 3158, 5218, 4626]
20150809 07:56_[7991, 8756, 1292, 6317]
20150809 07:57_[6996, 3149, 8141, 5416]
20150809 07:58_[8588, 5041, 4342, 7945]
20150809 07:59_[9467, 8680, 9701, 7611]
20150809 08:00_[2373, 7144, 7645, 3936]
20150809 08:01_[9414, 4001, 5313, 8174]
20150809 08:02_[8871, 9505, 6715, 6699]
20150809 08:03_[4334, 9287, 7405, 4375]
20150809 08:04_[3024, 6170, 4445, 7609]
20150809 08:05_[7291, 9070, 8743, 7189]
20150809 08:06_[2960, 8850, 8497, 9870]
20150809 08:07_[6617, 3666, 7021, 6475]
20150809 08:08_[2984, 2792, 2960, 4186]
20150809 08:09_[6054, 1902, 7670, 3622]
20150809 08:10_[7421, 1262, 8744, 1635]
20150809 08:11_[4704, 1241, 2346, 7625]
20150809 08:12_[8844, 4935, 7976, 8546]
20150809 08:13_[2283, 5838, 5925, 1508]
20150809 08:14_[9532, 2197, 3979, 1890]
20150809 08:15_[2751, 3398, 9801, 1763]
20150809 08:16_[6118, 1417, 2926, 3080]
20150809 08:17_[2754, 2200, 4229, 5170]
20150809 08:18_[4589, 6724, 8449, 4045]
20150809 08:19_[8706, 9916, 1047, 8301]
20150809 08:20_[4930, 9336, 4249, 4551]
20150809 08:21_[2126, 9683, 3015, 5624]
20150809 08:22_[2573, 2246, 6478, 1683]
20150809 08:23_[7728, 7760, 6008, 5192]
20150809 08:24_[6804, 7621, 7672, 5135]
20150809 08:25_[8047, 7984, 2593, 1889]
20150809 08:26_[6367, 2313, 9632, 6437]
20150809 08:27_[7436, 2696, 5765, 1604]
20150809 08:28_[2262, 2242, 4139, 8760]
20150809 08:29_[3964, 5956, 8737, 6230]
20150809 08:30_[9029, 8878, 3392, 3217]
20150809 08:31_[2269, 5785, 3403, 3234]
20150809 08:32_[1751, 6869, 4180, 3315]
20150809 08:33_[1640, 3741, 1004, 4950]
20150809 08:34_[4068, 9955, 8093, 6467]
20150809 08:35_[9551, 3002, 7787, 4076]
20150809 08:36_[7337, 1858, 8215, 4139]
20150809 08:37_[4491, 4273, 4452, 3292]
20150809 08:38_[5753, 3049, 1795, 7702]
20150809 08:39_[9358, 9299, 9013, 3819]
20150809 08:40_[1000, 9489, 5658, 3649]
20150809 08:41_[1652, 5254, 2708, 8776]
20150809 08:42_[6001, 7061, 8796, 7496]
20150809 08:43_[4103, 8151, 5558, 3154]
20150809 08:44_[8973, 8370, 3837, 5047]
20150809 08:45_[4419, 8912, 5022, 7192]
20150809 08:46_[3350, 8549, 3628, 8744]
20150809 08:47_[6619, 4690, 7684, 2038]
20150809 08:48_[3450, 1125, 1416, 7582]
20150809 08:49_[1477, 4414, 2269, 2012]
20150809 08:50_[9902, 7869, 8365, 9076]
20150809 08:51_[8957, 9599, 2763, 4791]
20150809 08:52_[8148, 7443, 2548, 1498]
20150809 08:53_[5890, 2445, 5181, 5198]
20150809 08:54_[5314, 5977, 7801, 7656]
20150809 08:55_[4849, 9989, 1634, 8905]
20150809 08:56_[5675, 2597, 6679, 9022]
20150809 08:57_[1891, 3274, 5137, 4422]
20150809 08:58_[9119, 9520, 6041, 7716]
20150809 08:59_[1413, 7237, 1816, 9867]
20150809 09:00_[4777, 6056, 2072, 5034]
20150809 09:01_[2232, 2526, 5216, 1814]
20150809 09:02_[2208, 8797, 3062, 2692]
20150809 09:03_[3792, 5066, 5679, 3681]
20150809 09:04_[6058, 2782, 4273, 5939]
20150809 09:05_[2085, 3810, 4990, 4478]
20150809 09:06_[1066, 1446, 4662, 8510]
20150809 09:07_[7741, 7335, 5627, 7022]
20150809 09:08_[7311, 3165, 7143, 3803]
20150809 09:09_[6571, 8924, 9600, 3418]
20150809 09:10_[7175, 1716, 9791, 5090]
20150809 09:11_[1057, 3906, 3269, 3382]
20150809 09:12_[8123, 1848, 2577, 7554]
20150809 09:13_[7760, 2932, 3244, 1131]
20150809 09:14_[4188, 9572, 1798, 9777]
20150809 09:15_[5189, 5997, 5674, 4864]
20150809 09:16_[9592, 7982, 2060, 9726]
20150809 09:17_[4191, 4445, 7981, 2433]
20150809 09:18_[4354, 6533, 1879, 1275]
20150809 09:19_[8018, 2733, 6165, 6138]
20150809 09:20_[1144, 7258, 6630, 2246]
20150809 09:21_[4663, 6345, 6313, 8644]
20150809 09:22_[8586, 5440, 2890, 3784]
20150809 09:23_[7137, 7869, 7308, 4721]
20150809 09:24_[5571, 4113, 9794, 9272]
20150809 09:25_[8234, 3880, 1273, 2051]
20150809 09:26_[4585, 5966, 7229, 2731]
20150809 09:27_[1953, 9823, 6420, 8695]
20150809 09:28_[3222, 5979, 2454, 1029]
20150809 09:29_[4231, 6840, 1100, 5861]
20150809 09:30_[4232, 7885, 9750, 2332]
20150809 09:31_[3881, 3888, 5378, 7075]
20150809 09:32_[5445, 9542, 5579, 4837]
20150809 09:33_[5530, 3707, 4239, 9451]
20150809 09:34_[1937, 5585, 2478, 1904]
20150809 09:35_[4666, 4975, 7265, 8200]
20150809 09:36_[3355, 5188, 8629, 8193]
20150809 09:37_[8604, 9141, 2797, 1328]
20150809 09:38_[3199, 8731, 5382, 4910]
20150809 09:39_[7883, 5254, 7542, 3773]
20150809 09:40_[9581, 3752, 3307, 8052]
20150809 09:41_[5532, 6055, 7279, 5102]
20150809 09:42_[6393, 2050, 8200, 8917]
20150809 09:43_[1080, 1722, 1910, 7205]
20150809 09:44_[2488, 7537, 1079, 6872]
20150809 09:45_[1564, 7353, 4564, 8200]
20150809 09:46_[6025, 7152, 6927, 5481]
20150809 09:47_[7880, 1856, 6245, 1849]
20150809 09:48_[4643, 5901, 6889, 1230]
20150809 09:49_[6977, 5816, 7180, 1707]
20150809 09:50_[5837, 4269, 4202, 5824]
20150809 09:51_[7890, 7957, 7193, 3367]
20150809 09:52_[2406, 2473, 7524, 5672]
20150809 09:53_[2118, 2926, 1772, 5935]
20150809 09:54_[4400, 9264, 2502, 5966]
20150809 09:55_[4818, 8721, 7554, 5580]
20150809 09:56_[9628, 1717, 5770, 7052]
20150809 09:57_[2350, 5729, 3489, 5376]
20150809 09:58_[8852, 7958, 6431, 8890]
20150809 09:59_[1874, 5886, 3046, 1789]
20150809 10:00_[6868, 3394, 4844, 2875]
20150809 10:01_[5242, 6846, 5475, 2732]
20150809 10:02_[9202, 2441, 8783, 7975]
20150809 10:03_[7962, 4173, 8170, 9577]
20150809 10:04_[9195, 9294, 3115, 7944]
20150809 10:05_[9847, 6153, 7593, 1661]
20150809 10:06_[9744, 2485, 9500, 5461]
20150809 10:07_[4712, 1190, 7540, 2061]
20150809 10:08_[8997, 2948, 7013, 6637]
20150809 10:09_[4535, 7256, 7341, 7274]
20150809 10:10_[8185, 4105, 4405, 5777]
20150809 10:11_[7654, 1989, 4522, 7986]
20150809 10:12_[6112, 4160, 6505, 3228]
20150809 10:13_[1006, 4698, 5230, 5602]
20150809 10:14_[1202, 1432, 1695, 8357]
20150809 10:15_[5792, 3988, 2373, 2194]
20150809 10:16_[3236, 8470, 8613, 1128]
20150809 10:17_[7403, 8086, 4941, 2351]
20150809 10:18_[6183, 9847, 8952, 6514]
20150809 10:19_[8147, 1836, 3878, 2788]
20150809 10:20_[8885, 1467, 1974, 2220]
20150809 10:21_[8962, 4622, 8740, 4004]
20150809 10:22_[4000, 4117, 1055, 2650]
20150809 10:23_[2205, 2993, 2680, 6486]
20150809 10:24_[8757, 3836, 6753, 4436]
20150809 10:25_[3995, 1538, 9782, 2503]
20150809 10:26_[6867, 5198, 5428, 5939]
20150809 10:27_[6742, 3322, 5039, 2387]
20150809 10:28_[1664, 3513, 6819, 3924]
20150809 10:29_[2895, 7437, 2823, 9715]
20150809 10:30_[6274, 4734, 3910, 9746]
20150809 10:31_[2075, 9311, 2285, 7317]
20150809 10:32_[9175, 9508, 3638, 7453]
20150809 10:33_[1248, 3432, 7662, 9793]
20150809 10:34_[5454, 1392, 2709, 6489]
20150809 10:35_[9219, 9228, 6163, 3928]
20150809 10:36_[5281, 8092, 4463, 6289]
20150809 10:37_[8005, 5045, 2384, 3018]
20150809 10:38_[2482, 2313, 3891, 2526]
20150809 10:39_[3682, 7243, 2765, 2005]
20150809 10:40_[8439, 3760, 6674, 1790]
20150809 10:41_[8460, 8104, 9964, 6126]
20150809 10:42_[2356, 8130, 9343, 6068]
20150809 10:43_[8605, 3329, 3960, 6749]
20150809 10:44_[4919, 1761, 9670, 6697]
20150809 10:45_[6218, 6264, 1725, 4466]
20150809 10:46_[1247, 8740, 5758, 4421]
20150809 10:47_[4727, 1105, 1152, 8971]
20150809 10:48_[9902, 2007, 6299, 5317]
20150809 10:49_[8483, 3431, 4330, 1189]
20150809 10:50_[5981, 1528, 5474, 7708]
20150809 10:51_[2111, 9268, 7602, 4194]
20150809 10:52_[4135, 4889, 8302, 6069]
20150809 10:53_[8162, 9229, 2141, 7433]
20150809 10:54_[7129, 3158, 9107, 8405]
20150809 10:55_[6132, 8254, 4022, 2674]
20150809 10:56_[8870, 9430, 8022, 1116]
20150809 10:57_[7722, 4361, 9941, 8033]
20150809 10:58_[5164, 3176, 3179, 5009]
20150809 10:59_[4077, 4913, 5747, 8528]
20150809 11:00_[4648, 7024, 1032, 7605]
20150809 11:01_[1768, 8602, 3151, 6436]
20150809 11:02_[2389, 9588, 2399, 9300]
20150809 11:03_[7830, 3973, 9235, 6686]
20150809 11:04_[9312, 6200, 2414, 5230]
20150809 11:05_[7317, 8074, 2742, 7762]
20150809 11:06_[8704, 8292, 9355, 5432]
20150809 11:07_[3010, 6463, 5280, 5439]
20150809 11:08_[3280, 8027, 2797, 9236]
20150809 11:09_[6127, 5049, 5126, 9364]
20150809 11:10_[6918, 4161, 2803, 1695]
20150809 11:11_[5841, 4811, 8221, 7123]
20150809 11:12_[6371, 3383, 2962, 3104]
20150809 11:13_[2566, 4162, 9949, 2725]
20150809 11:14_[9607, 9570, 9379, 9841]
20150809 11:15_[8693, 3612, 3501, 6556]
20150809 11:16_[7220, 1398, 3591, 1633]
20150809 11:17_[2954, 3295, 1189, 9205]
20150809 11:18_[1340, 2197, 6492, 1049]
20150809 11:19_[1211, 1293, 4057, 4943]
20150809 11:20_[2943, 9295, 6113, 4778]
20150809 11:21_[6979, 2433, 5685, 5112]
20150809 11:22_[4893, 8553, 7115, 9382]
20150809 11:23_[4428, 7637, 7823, 8126]
20150809 11:24_[5359, 1857, 5880, 4216]
20150809 11:25_[2755, 3256, 8357, 7675]
20150809 11:26_[3897, 3028, 5337, 8769]
20150809 11:27_[9187, 1274, 1927, 2762]
20150809 11:28_[5115, 7619, 5959, 8143]
20150809 11:29_[5744, 5358, 5102, 1557]
20150809 11:30_[7475, 5465, 3602, 6797]
20150809 11:31_[3485, 1969, 4796, 3611]
20150809 11:32_[8756, 7508, 9980, 3931]
20150809 11:33_[6663, 3058, 2367, 7661]
20150809 11:34_[9616, 7939, 9257, 9916]
20150809 11:35_[6507, 4819, 4322, 7141]
20150809 11:36_[1415, 5611, 8326, 5751]
20150809 11:37_[4225, 9656, 5088, 7199]
20150809 11:38_[3983, 7710, 1650, 7924]
20150809 11:39_[8620, 6113, 4774, 5665]
20150809 11:40_[5593, 3629, 1686, 6587]
20150809 11:41_[7055, 1920, 3598, 1308]
20150809 11:42_[1480, 1918, 2782, 1641]
20150809 11:43_[1301, 8261, 4397, 5390]
20150809 11:44_[6509, 4931, 1517, 1828]
20150809 11:45_[6633, 2005, 5348, 2788]
20150809 11:46_[6718, 2723, 7471, 2986]
20150809 11:47_[9324, 1494, 8532, 5444]
20150809 11:48_[9434, 5856, 8414, 1046]
20150809 11:49_[9415, 6024, 8549, 9313]
20150809 11:50_[6217, 2690, 1362, 8037]
20150809 11:51_[3743, 8251, 1156, 7063]
20150809 11:52_[4734, 2916, 4999, 6422]
20150809 11:53_[1421, 6963, 2191, 3680]
20150809 11:54_[1410, 2923, 3446, 1021]
20150809 11:55_[6334, 5899, 1853, 9028]
20150809 11:56_[7444, 2856, 4645, 5163]
20150809 11:57_[8585, 8948, 6195, 1323]
20150809 11:58_[3225, 6570, 4342, 1205]
20150809 11:59_[5123, 4441, 3403, 1542]
20150809 12:00_[2488, 6643, 1213, 4018]
20150809 12:01_[1456, 9711, 5837, 6872]
20150809 12:02_[1214, 6466, 8010, 4076]
20150809 12:03_[8910, 4957, 8662, 1308]
20150809 12:04_[6115, 6666, 3076, 3910]
20150809 12:05_[3885, 4529, 6305, 3671]
20150809 12:06_[3734, 8200, 5800, 1913]
20150809 12:07_[4119, 4626, 9643, 1310]
20150809 12:08_[3133, 8805, 6205, 1444]
20150809 12:09_[5509, 7820, 2753, 2414]
20150809 12:10_[6939, 5969, 1525, 3480]
20150809 12:11_[8955, 1952, 7840, 1242]
20150809 12:12_[4881, 4979, 6964, 9659]
20150809 12:13_[8037, 6686, 3147, 6241]
20150809 12:14_[6453, 3357, 4121, 9776]
20150809 12:15_[4165, 6050, 3512, 1595]
20150809 12:16_[3251, 6369, 2320, 3030]
20150809 12:17_[9176, 4155, 4069, 5420]
20150809 12:18_[3496, 9415, 9244, 6145]
20150809 12:19_[7812, 7392, 4772, 4043]
20150809 12:20_[8450, 6181, 2456, 2056]
20150809 12:21_[2995, 7365, 7038, 1875]
20150809 12:22_[9462, 2756, 5888, 6673]
20150809 12:23_[1239, 2202, 4694, 4842]
20150809 12:24_[4579, 1424, 8261, 5772]
20150809 12:25_[9971, 3122, 9544, 5089]
20150809 12:26_[1601, 1164, 9175, 1447]
20150809 12:27_[8072, 9466, 8536, 4677]
20150809 12:28_[7110, 9947, 3254, 1567]
20150809 12:29_[6815, 9015, 2301, 3782]
20150809 12:30_[5238, 7679, 6703, 3834]
20150809 12:31_[6818, 9630, 6492, 8821]
20150809 12:32_[9772, 6925, 9494, 8621]
20150809 12:33_[7084, 2010, 3916, 2571]
20150809 12:34_[7516, 5108, 9023, 5134]
20150809 12:35_[6108, 1081, 5307, 4541]
20150809 12:36_[7756, 4353, 3515, 9380]
20150809 12:37_[1115, 9124, 1745, 3622]
20150809 12:38_[3227, 6344, 8248, 7545]
20150809 12:39_[5521, 3665, 8071, 4778]
20150809 12:40_[9138, 2779, 4092, 4057]
20150809 12:41_[5930, 3813, 8102, 1598]
20150809 12:42_[8092, 6407, 9250, 2371]
20150809 12:43_[5667, 4760, 6559, 4032]
20150809 12:44_[3253, 1408, 8453, 9517]
20150809 12:45_[1453, 7754, 2890, 3883]
20150809 12:46_[5952, 4774, 2279, 9794]
20150809 12:47_[3113, 4906, 1987, 1053]
20150809 12:48_[2660, 9629, 2004, 8407]
20150809 12:49_[3797, 3875, 1371, 6759]
20150809 12:50_[5360, 1658, 2833, 9635]
20150809 12:51_[6167, 9957, 5913, 4503]
20150809 12:52_[4861, 7999, 9976, 7749]
20150809 12:53_[6850, 4924, 9689, 9078]
20150809 12:54_[4169, 8675, 2673, 2854]
20150809 12:55_[2333, 6183, 4118, 1768]
20150809 12:56_[3126, 4468, 9173, 3484]
20150809 12:57_[5299, 7806, 7273, 6842]
20150809 12:58_[1641, 4958, 6568, 7923]
20150809 12:59_[7562, 4355, 7696, 3458]
20150809 13:00_[7010, 4371, 3519, 9812]
20150809 13:01_[6415, 8275, 2962, 9714]
20150809 13:02_[3394, 3713, 2055, 5223]
20150809 13:03_[4067, 8137, 4262, 1218]
20150809 13:04_[9902, 3876, 7209, 4380]
20150809 13:05_[9507, 3729, 6110, 6378]
20150809 13:06_[3264, 5044, 1916, 4890]
20150809 13:07_[6366, 5640, 1434, 9014]
20150809 13:08_[8732, 3852, 3641, 2786]
20150809 13:09_[5776, 7963, 6577, 3852]
20150809 13:10_[5505, 3156, 2708, 8826]
20150809 13:11_[9568, 9142, 9436, 9438]
20150809 13:12_[9666, 7833, 3855, 2518]
20150809 13:13_[8050, 4111, 4843, 3005]
20150809 13:14_[6097, 7068, 9498, 4201]
20150809 13:15_[1602, 3905, 4839, 4396]
20150809 13:16_[5807, 1612, 8458, 2142]
20150809 13:17_[1232, 8654, 4076, 1672]
20150809 13:18_[7091, 9089, 5306, 4163]
20150809 13:19_[1032, 5398, 4226, 1399]
20150809 13:20_[4040, 4820, 9893, 3069]
20150809 13:21_[3134, 7951, 2921, 2096]
20150809 13:22_[7309, 7914, 2871, 8622]
20150809 13:23_[6552, 8376, 9118, 5814]
20150809 13:24_[2733, 9801, 4723, 7688]
20150809 13:25_[5946, 8613, 6906, 6859]
20150809 13:26_[7233, 7313, 6902, 9935]
20150809 13:27_[5891, 6297, 2576, 4158]
20150809 13:28_[7306, 4418, 2424, 2083]
20150809 13:29_[6007, 1616, 9192, 9517]
20150809 13:30_[9638, 1089, 9921, 5194]
20150809 13:31_[5820, 2146, 8935, 8362]
20150809 13:32_[1611, 6471, 5981, 6705]
20150809 13:33_[6401, 8740, 1367, 4774]
20150809 13:34_[8531, 7819, 5768, 9119]
20150809 13:35_[7746, 9744, 5742, 3036]
20150809 13:36_[7340, 5344, 9014, 3362]
20150809 13:37_[3296, 3054, 5713, 9102]
20150809 13:38_[4365, 8265, 5310, 8212]
20150809 13:39_[4235, 4742, 8994, 4692]
20150809 13:40_[8218, 1717, 9575, 5620]
20150809 13:41_[9191, 1072, 9168, 3686]
20150809 13:42_[5768, 1672, 7848, 4867]
20150809 13:43_[1843, 7444, 3189, 7385]
20150809 13:44_[2803, 5859, 2175, 3537]
20150809 13:45_[6775, 8453, 2124, 1999]
20150809 13:46_[9472, 6151, 2286, 7216]
20150809 13:47_[9601, 2184, 4959, 7333]
20150809 13:48_[9205, 7868, 7127, 2782]
20150809 13:49_[9041, 1991, 3794, 5562]
20150809 13:50_[7498, 5731, 6728, 7529]
20150809 13:51_[5696, 6675, 4509, 4116]
20150809 13:52_[9167, 5091, 8924, 6245]
20150809 13:53_[1197, 6783, 2433, 9447]
20150809 13:54_[9469, 9951, 2863, 2956]
20150809 13:55_[3705, 8669, 2102, 8732]
20150809 13:56_[2455, 1501, 6155, 6648]
20150809 13:57_[9458, 6873, 7242, 3049]
20150809 13:58_[2613, 2320, 8616, 5443]
20150809 13:59_[7986, 6413, 7632, 6403]
20150809 14:00_[7132, 5961, 2833, 1367]
20150809 14:01_[1374, 8349, 3390, 6336]
20150809 14:02_[1562, 3205, 6495, 5941]
20150809 14:03_[1625, 8535, 1232, 1056]
20150809 14:04_[9676, 7775, 9008, 6498]
20150809 14:05_[9442, 9159, 4489, 3676]
20150809 14:06_[9262, 3236, 7692, 7791]
20150809 14:07_[5727, 6590, 8841, 7517]
20150809 14:08_[1863, 2512, 1749, 6249]
20150809 14:09_[6953, 5728, 9281, 5297]
20150809 14:10_[1017, 8235, 8232, 2084]
20150809 14:11_[6014, 4327, 6066, 9171]
20150809 14:12_[8622, 6385, 4785, 7352]
20150809 14:13_[4781, 2816, 9473, 1101]
20150809 14:14_[2896, 1534, 8503, 4083]
20150809 14:15_[7675, 9792, 4851, 1889]
20150809 14:16_[3540, 1571, 3367, 2293]
20150809 14:17_[3655, 3668, 3853, 4854]
20150809 14:18_[7917, 7599, 6709, 1022]
20150809 14:19_[9099, 5541, 4857, 7842]
20150809 14:20_[6735, 8046, 1196, 3150]
20150809 14:21_[3609, 7252, 4583, 2323]
20150809 14:22_[4225, 5331, 6321, 6195]
20150809 14:23_[4630, 6165, 3507, 8080]
20150809 14:24_[5046, 4056, 9762, 6671]
20150809 14:25_[4406, 1258, 9497, 8947]
20150809 14:26_[6489, 5825, 2255, 6880]
20150809 14:27_[1987, 1457, 5735, 8881]
20150809 14:28_[9155, 6034, 1203, 9473]
20150809 14:29_[2487, 5356, 4300, 2378]
20150809 14:30_[8893, 1877, 3860, 4273]
20150809 14:31_[8782, 4113, 2832, 4523]
20150809 14:32_[9664, 6252, 7656, 2578]
20150809 14:33_[4432, 2418, 8378, 5771]
20150809 14:34_[5297, 2836, 4966, 7994]
20150809 14:35_[8940, 1832, 4698, 3887]
20150809 14:36_[3378, 9409, 3938, 3624]
20150809 14:37_[5411, 9969, 8060, 6244]
20150809 14:38_[3276, 1936, 8716, 7578]
20150809 14:39_[6922, 5975, 5152, 1340]
20150809 14:40_[6310, 8309, 5295, 5588]
20150809 14:41_[6044, 1924, 1227, 6055]
20150809 14:42_[2997, 6354, 3484, 2803]
20150809 14:43_[3756, 6600, 4928, 8647]
20150809 14:44_[5719, 4719, 8523, 5964]
20150809 14:45_[6677, 2592, 1019, 1917]
20150809 14:46_[4805, 4950, 2564, 4242]
20150809 14:47_[2551, 3763, 5542, 2467]
20150809 14:48_[4746, 2661, 2568, 6982]
20150809 14:49_[6612, 3231, 3934, 2750]
20150809 14:50_[5298, 2434, 4686, 3254]
20150809 14:51_[4452, 6919, 2915, 3700]
20150809 14:52_[6474, 3568, 3366, 3107]
20150809 14:53_[6432, 8673, 7999, 3508]
20150809 14:54_[6865, 6297, 8689, 4895]
20150809 14:55_[2690, 4853, 7026, 1299]
20150809 14:56_[6089, 5283, 4112, 4796]
20150809 14:57_[5319, 2442, 9912, 7902]
20150809 14:58_[8063, 2832, 9054, 1499]
20150809 14:59_[2713, 9224, 5165, 6564]
20150809 15:00_[1229, 5522, 9122, 8919]
20150809 15:01_[2060, 2498, 4214, 9671]
20150809 15:02_[6047, 5612, 4112, 5917]
20150809 15:03_[6307, 2334, 9003, 4085]
20150809 15:04_[3730, 7025, 8850, 9206]
20150809 15:05_[3065, 8236, 4819, 9074]
20150809 15:06_[8997, 2522, 2391, 5042]
20150809 15:07_[7659, 1642, 5518, 1673]
20150809 15:08_[6704, 3645, 4459, 1050]
20150809 15:09_[1388, 5444, 1188, 5674]
20150809 15:10_[4300, 2177, 4298, 9105]
20150809 15:11_[5715, 3879, 7604, 8731]
20150809 15:12_[9139, 3942, 1684, 9890]
20150809 15:13_[4064, 9830, 5474, 4843]
20150809 15:14_[4984, 1020, 9617, 7900]
20150809 15:15_[2301, 6756, 2269, 9214]
20150809 15:16_[2080, 4619, 4824, 1728]
20150809 15:17_[4670, 9615, 8347, 9144]
20150809 15:18_[7977, 9794, 5651, 1285]
20150809 15:19_[8495, 7612, 4354, 8551]
20150809 15:20_[7004, 1534, 2867, 8078]
20150809 15:21_[4186, 5551, 3706, 2213]
20150809 15:22_[2761, 9611, 7950, 9953]
20150809 15:23_[9113, 5804, 3532, 5341]
20150809 15:24_[7407, 2288, 3470, 2324]
20150809 15:25_[2459, 8741, 8529, 8961]
20150809 15:26_[9389, 1083, 5730, 9285]
20150809 15:27_[7741, 7364, 9013, 9006]
20150809 15:28_[5518, 7233, 9601, 8430]
20150809 15:29_[7847, 3565, 5066, 8833]
20150809 15:30_[6637, 5991, 8840, 2699]
20150809 15:31_[5033, 2095, 9260, 5346]
20150809 15:32_[2547, 9944, 6373, 3313]
20150809 15:33_[5631, 1540, 6836, 4129]
20150809 15:34_[2444, 4783, 1139, 1951]
20150809 15:35_[3054, 2522, 4848, 6660]
20150809 15:36_[4452, 1718, 9783, 5842]
20150809 15:37_[5141, 2173, 1150, 9649]
20150809 15:38_[3500, 9159, 8177, 5190]
20150809 15:39_[6709, 1984, 3313, 6764]
20150809 15:40_[3142, 4593, 6812, 5662]
20150809 15:41_[3612, 1298, 1787, 6924]
20150809 15:42_[1372, 8061, 9097, 1444]
20150809 15:43_[8858, 5332, 7146, 6331]
20150809 15:44_[5718, 4151, 1265, 4663]
20150809 15:45_[6507, 5835, 9508, 8502]
20150809 15:46_[5499, 5825, 2226, 8765]
20150809 15:47_[5036, 3688, 4452, 4270]
20150809 15:48_[9826, 6328, 3551, 8540]
20150809 15:49_[5415, 3707, 1552, 1657]
20150809 15:50_[6899, 9647, 8042, 4398]
20150809 15:51_[1357, 7507, 7041, 1159]
20150809 15:52_[7352, 8368, 9485, 4977]
20150809 15:53_[4062, 6273, 8630, 8941]
20150809 15:54_[7794, 4823, 7767, 7480]
20150809 15:55_[5520, 8712, 5310, 1588]
20150809 15:56_[4599, 6799, 2413, 4323]
20150809 15:57_[2890, 5152, 6022, 6125]
20150809 15:58_[6512, 9470, 2231, 4143]
20150809 15:59_[6938, 2532, 6478, 5568]
20150809 16:00_[4300, 9748, 5728, 8555]
20150809 16:01_[5677, 4503, 6807, 8560]
20150809 16:02_[4907, 5845, 7085, 9282]
20150809 16:03_[5626, 4786, 9741, 9107]
20150809 16:04_[6179, 9076, 8530, 9165]
20150809 16:05_[7472, 7121, 9969, 4643]
20150809 16:06_[6798, 9896, 9480, 6908]
20150809 16:07_[2603, 7965, 6797, 1529]
20150809 16:08_[8122, 6504, 6974, 3515]
20150809 16:09_[3945, 6645, 6374, 1758]
20150809 16:10_[8745, 2749, 1933, 1312]
20150809 16:11_[3270, 6522, 9374, 7694]
20150809 16:12_[1656, 5285, 4934, 2174]
20150809 16:13_[4771, 8382, 1666, 9520]
20150809 16:14_[4458, 6639, 7942, 9503]
20150809 16:15_[2265, 2838, 8721, 4876]
20150809 16:16_[8538, 6120, 5881, 2031]
20150809 16:17_[4372, 5058, 4697, 7991]
20150809 16:18_[7042, 8784, 5369, 3957]
20150809 16:19_[9633, 9216, 5306, 2774]
20150809 16:20_[8366, 1453, 3000, 5466]
20150809 16:21_[2816, 2611, 1548, 7949]
20150809 16:22_[8667, 9187, 3096, 6856]
20150809 16:23_[4104, 4868, 3022, 5440]
20150809 16:24_[2875, 9748, 4298, 3603]
20150809 16:25_[4161, 5170, 1297, 1055]
20150809 16:26_[6378, 7442, 3148, 9168]
20150809 16:27_[6996, 8341, 1174, 6566]
20150809 16:28_[4058, 9984, 9826, 7995]
20150809 16:29_[6097, 1455, 4951, 1421]
20150809 16:30_[5020, 6584, 9494, 5366]
20150809 16:31_[5811, 1561, 8624, 7542]
20150809 16:32_[1316, 3011, 6400, 4470]
20150809 16:33_[6951, 7748, 6240, 8653]
20150809 16:34_[1955, 4160, 4978, 5797]
20150809 16:35_[5489, 8051, 1943, 4819]
20150809 16:36_[5994, 4246, 5731, 4249]
20150809 16:37_[5819, 5467, 1515, 7990]
20150809 16:38_[6040, 4313, 4766, 8649]
20150809 16:39_[1514, 6946, 4209, 5844]
20150809 16:40_[5628, 6638, 5064, 5547]
20150809 16:41_[7959, 2578, 7195, 3288]
20150809 16:42_[9558, 2853, 3230, 2683]
20150809 16:43_[5286, 5097, 5606, 3324]
20150809 16:44_[9933, 4646, 2567, 1615]
20150809 16:45_[7061, 9545, 7773, 8615]
20150809 16:46_[7245, 6014, 9412, 7282]
20150809 16:47_[2405, 5096, 9287, 5568]
20150809 16:48_[6592, 9744, 1049, 3691]
20150809 16:49_[5056, 9600, 9307, 5266]
20150809 16:50_[4898, 5665, 3555, 8639]
20150809 16:51_[2255, 6901, 2626, 9949]
20150809 16:52_[7091, 4375, 6604, 4748]
20150809 16:53_[1553, 8655, 8667, 2073]
20150809 16:54_[9332, 9102, 5176, 7402]
20150809 16:55_[2148, 7379, 3906, 2934]
20150809 16:56_[9885, 8990, 8811, 9598]
20150809 16:57_[2467, 8391, 8785, 9269]
20150809 16:58_[5152, 5635, 4167, 6667]
20150809 16:59_[6810, 4102, 9573, 6067]
20150809 17:00_[1413, 4544, 6129, 5266]
20150809 17:01_[6572, 5270, 9326, 8102]
20150809 17:02_[4845, 2985, 7027, 1657]
20150809 17:03_[3757, 2716, 6581, 3435]
20150809 17:04_[7779, 5010, 9194, 3885]
20150809 17:05_[7013, 9715, 5992, 9756]
20150809 17:06_[7214, 3964, 1455, 3514]
20150809 17:07_[6273, 1008, 8658, 6769]
20150809 17:08_[9451, 9925, 9387, 8617]
20150809 17:09_[3943, 6931, 2640, 7677]
20150809 17:10_[6212, 5432, 7733, 5364]
20150809 17:11_[8575, 9598, 4585, 8897]
20150809 17:12_[1857, 9620, 5298, 5105]
20150809 17:13_[3973, 8920, 9627, 6153]
20150809 17:14_[8741, 2748, 3988, 6360]
20150809 17:15_[5940, 4809, 7812, 6034]
20150809 17:16_[7999, 3126, 2779, 9372]
20150809 17:17_[1996, 1819, 3355, 8053]
20150809 17:18_[9534, 4550, 1780, 9412]
20150809 17:19_[5197, 2140, 8948, 2552]
20150809 17:20_[9620, 6937, 4963, 6633]
20150809 17:21_[8981, 4655, 8919, 9703]
20150809 17:22_[8502, 7072, 4603, 9797]
20150809 17:23_[7412, 8958, 1353, 2434]
20150809 17:24_[5568, 4730, 3877, 7825]
20150809 17:25_[1757, 9532, 9569, 8984]
20150809 17:26_[9798, 7058, 8474, 2757]
20150809 17:27_[5425, 3546, 9358, 4586]
20150809 17:28_[2764, 5863, 7355, 6077]
20150809 17:29_[6203, 1405, 2822, 4520]
20150809 17:30_[4236, 6526, 9634, 5066]
20150809 17:31_[3064, 6439, 3374, 8702]
20150809 17:32_[9200, 5333, 8379, 9718]
20150809 17:33_[1301, 4014, 9259, 5103]
20150809 17:34_[7460, 8753, 8414, 7373]
20150809 17:35_[2931, 3038, 9264, 2464]
20150809 17:36_[1794, 2377, 7747, 8022]
20150809 17:37_[9951, 4469, 8473, 2044]
20150809 17:38_[6907, 4071, 6794, 3782]
20150809 17:39_[4004, 4453, 6971, 3972]
20150809 17:40_[7236, 6559, 5099, 4074]
20150809 17:41_[8028, 4712, 1767, 4164]
20150809 17:42_[7059, 9224, 1494, 2769]
20150809 17:43_[9475, 8824, 4322, 8385]
20150809 17:44_[1773, 2935, 8904, 7109]
20150809 17:45_[4495, 3897, 6293, 9686]
20150809 17:46_[8256, 8318, 7423, 8421]
20150809 17:47_[4947, 1004, 3597, 6004]
20150809 17:48_[1236, 2440, 6830, 7580]
20150809 17:49_[9435, 3959, 4154, 1679]
20150809 17:50_[2352, 9116, 8206, 5727]
20150809 17:51_[9069, 5361, 2200, 2740]
20150809 17:52_[1551, 2885, 5456, 8825]
20150809 17:53_[9973, 3616, 1463, 2432]
20150809 17:54_[6103, 6849, 7193, 3553]
20150809 17:55_[3177, 5721, 8097, 4112]
20150809 17:56_[2992, 6460, 2752, 8244]
20150809 17:57_[7112, 3466, 1321, 9343]
20150809 17:58_[4347, 9173, 7711, 9125]
20150809 17:59_[9280, 9145, 8087, 7035]
20150809 18:00_[1883, 2286, 1869, 4886]
20150809 18:01_[1349, 4549, 9063, 2633]
20150809 18:02_[3834, 1379, 8086, 7490]
20150809 18:03_[1492, 8121, 1616, 1631]
20150809 18:04_[8729, 5752, 7291, 1758]
20150809 18:05_[4843, 1869, 8086, 5062]
20150809 18:06_[2189, 4233, 1870, 2391]
20150809 18:07_[6174, 1750, 5460, 4736]
20150809 18:08_[9304, 6601, 3752, 4189]
20150809 18:09_[4609, 7760, 2525, 4577]
20150809 18:10_[5887, 4460, 7482, 7252]
20150809 18:11_[5260, 5830, 8382, 7239]
20150809 18:12_[2560, 9949, 2108, 8601]
20150809 18:13_[2560, 1204, 5788, 2491]
20150809 18:14_[3964, 9389, 1952, 3088]
20150809 18:15_[8692, 9776, 3108, 7311]
20150809 18:16_[9987, 8385, 4605, 1339]
20150809 18:17_[2311, 2851, 4302, 4413]
20150809 18:18_[9575, 3827, 6734, 1349]
20150809 18:19_[1027, 6680, 2726, 1073]
20150809 18:20_[5311, 8379, 3525, 8981]
20150809 18:21_[9897, 2296, 8452, 4408]
20150809 18:22_[3720, 4819, 5889, 1444]
20150809 18:23_[9619, 5825, 8674, 3304]
20150809 18:24_[2561, 1173, 2594, 8939]
20150809 18:25_[1152, 2483, 3954, 5132]
20150809 18:26_[9494, 5051, 5881, 3573]
20150809 18:27_[2224, 7222, 6311, 6008]
20150809 18:28_[3645, 6741, 9205, 1788]
20150809 18:29_[9568, 1742, 7670, 3920]
20150809 18:30_[7354, 1338, 4365, 2610]
20150809 18:31_[2105, 1856, 6246, 5592]
20150809 18:32_[8572, 3192, 2679, 7837]
20150809 18:33_[9187, 1189, 5391, 6470]
20150809 18:34_[4523, 9546, 9407, 7447]
20150809 18:35_[5278, 9116, 9482, 8186]
20150809 18:36_[5928, 7949, 7243, 6301]
20150809 18:37_[5377, 5571, 8114, 9857]
20150809 18:38_[8299, 9323, 1353, 7253]
20150809 18:39_[2286, 2849, 9290, 5621]
20150809 18:40_[1922, 4375, 6124, 9541]
20150809 18:41_[2556, 4421, 3715, 4450]
20150809 18:42_[3393, 3156, 5337, 5858]
20150809 18:43_[2790, 4808, 1192, 9990]
20150809 18:44_[2349, 1024, 1757, 1413]
20150809 18:45_[6567, 8449, 3218, 5660]
20150809 18:46_[6644, 5305, 2735, 9547]
20150809 18:47_[1467, 5394, 8143, 3126]
20150809 18:48_[3274, 3286, 9178, 3948]
20150809 18:49_[6686, 3644, 1367, 7130]
20150809 18:50_[5595, 2084, 7805, 9153]
20150809 18:51_[4193, 6847, 5703, 7033]
20150809 18:52_[6230, 4169, 4108, 4669]
20150809 18:53_[3690, 6968, 7094, 2405]
20150809 18:54_[9502, 5612, 9076, 1422]
20150809 18:55_[7003, 3669, 5036, 3206]
20150809 18:56_[8143, 4495, 5012, 3988]
20150809 18:57_[5192, 8989, 1211, 6125]
20150809 18:58_[9598, 3346, 3256, 2228]
20150809 18:59_[8276, 2133, 1642, 2040]
20150809 19:00_[5341, 8447, 1213, 8673]
20150809 19:01_[4249, 8559, 5001, 9292]
20150809 19:02_[2930, 2067, 8667, 1546]
20150809 19:03_[9613, 2457, 4305, 2382]
20150809 19:04_[2529, 7704, 7756, 7806]
20150809 19:05_[4054, 2903, 4875, 6989]
20150809 19:06_[1698, 7635, 2336, 5603]
20150809 19:07_[5933, 6682, 9874, 2900]
20150809 19:08_[3655, 7666, 8262, 2643]
20150809 19:09_[1465, 1220, 8851, 9733]
20150809 19:10_[2397, 1817, 5437, 1852]
20150809 19:11_[2847, 9357, 4693, 5216]
20150809 19:12_[7740, 3413, 2168, 2465]
20150809 19:13_[1202, 9103, 3569, 2783]
20150809 19:14_[5385, 4602, 3246, 8905]
20150809 19:15_[3892, 9274, 7483, 5216]
20150809 19:16_[9674, 8206, 3208, 7017]
20150809 19:17_[5096, 2507, 3614, 4067]
20150809 19:18_[4327, 6751, 7957, 9240]
20150809 19:19_[3797, 4438, 5678, 5628]
20150809 19:20_[5974, 1719, 1544, 2949]
20150809 19:21_[5814, 9802, 2765, 6571]
20150809 19:22_[7334, 1930, 2203, 9871]
20150809 19:23_[7648, 9795, 7673, 6184]
20150809 19:24_[4780, 8886, 7957, 6818]
20150809 19:25_[3905, 7982, 5950, 2148]
20150809 19:26_[9768, 5836, 2322, 9009]
20150809 19:27_[2258, 4479, 8393, 6411]
20150809 19:28_[9843, 8735, 9351, 7755]
20150809 19:29_[1829, 4578, 8786, 7973]
20150809 19:30_[1643, 9054, 1549, 8587]
20150809 19:31_[3247, 4054, 1581, 4078]
20150809 19:32_[7915, 8255, 7987, 9394]
20150809 19:33_[7703, 5389, 2927, 2036]
20150809 19:34_[3802, 4189, 6453, 4192]
20150809 19:35_[1540, 9706, 9525, 8618]
20150809 19:36_[1336, 7572, 6176, 2383]
20150809 19:37_[4360, 6324, 7184, 4462]
20150809 19:38_[8320, 7158, 4006, 6388]
20150809 19:39_[4390, 2873, 1313, 3671]
20150809 19:40_[2666, 4437, 3125, 1740]
20150809 19:41_[8245, 2967, 3302, 2644]
20150809 19:42_[7894, 2682, 5216, 5238]
20150809 19:43_[2662, 1957, 1796, 7903]
20150809 19:44_[9852, 7054, 8768, 2611]
20150809 19:45_[1560, 7824, 6587, 1190]
20150809 19:46_[3709, 9936, 6173, 7051]
20150809 19:47_[9635, 1821, 3683, 7395]
20150809 19:48_[5115, 4444, 7515, 8381]
20150809 19:49_[4221, 1032, 3688, 6778]
20150809 19:50_[3636, 7821, 6470, 2796]
20150809 19:51_[8916, 6397, 2336, 2089]
20150809 19:52_[8467, 8779, 1737, 3816]
20150809 19:53_[4994, 5598, 8943, 5892]
20150809 19:54_[4490, 1842, 2726, 8523]
20150809 19:55_[4411, 8801, 9462, 4007]
20150809 19:56_[5657, 2865, 4692, 8601]
20150809 19:57_[1011, 8884, 7037, 1828]
20150809 19:58_[2139, 5292, 9081, 3075]
20150809 19:59_[3332, 2164, 5629, 6190]
20150809 20:00_[7301, 9330, 8441, 5708]
20150809 20:01_[6748, 1011, 3177, 4702]
20150809 20:02_[3514, 1926, 5844, 1398]
20150809 20:03_[5298, 8280, 3713, 6669]
20150809 20:04_[8434, 9520, 5908, 5057]
20150809 20:05_[5854, 1360, 7093, 9977]
20150809 20:06_[1437, 1268, 1898, 5146]
20150809 20:07_[2261, 5861, 7656, 1247]
20150809 20:08_[5946, 5684, 5014, 4566]
20150809 20:09_[7917, 7706, 8130, 6195]
20150809 20:10_[8323, 2390, 2329, 8716]
20150809 20:11_[3789, 5114, 3939, 6398]
20150809 20:12_[6168, 3969, 7009, 9735]
20150809 20:13_[2369, 6721, 9210, 2501]
20150809 20:14_[8156, 5599, 4710, 9080]
20150809 20:15_[8315, 9039, 7626, 7062]
20150809 20:16_[6124, 8024, 2789, 4101]
20150809 20:17_[3054, 4631, 2703, 8160]
20150809 20:18_[6689, 9081, 2385, 5739]
20150809 20:19_[8496, 9048, 7851, 6812]
20150809 20:20_[6353, 5999, 4282, 6509]
20150809 20:21_[7012, 7014, 6753, 3612]
20150809 20:22_[1432, 4677, 4466, 2042]
20150809 20:23_[5915, 9304, 5026, 3435]
20150809 20:24_[5615, 2240, 1779, 4477]
20150809 20:25_[2104, 3901, 4494, 3935]
20150809 20:26_[3963, 9933, 9231, 2794]
20150809 20:27_[3012, 2435, 5945, 4072]
20150809 20:28_[2392, 9522, 7305, 4561]
20150809 20:29_[1867, 3305, 8433, 9575]
20150809 20:30_[4201, 4356, 9536, 8532]
20150809 20:31_[2784, 4627, 4476, 3267]
20150809 20:32_[1193, 1700, 6090, 3375]
20150809 20:33_[6481, 4667, 7614, 8067]
20150809 20:34_[8937, 2219, 3956, 5642]
20150809 20:35_[5057, 9362, 5698, 1742]
20150809 20:36_[2408, 2717, 9548, 3031]
20150809 20:37_[8815, 6399, 2305, 4345]
20150809 20:38_[8076, 9994, 2729, 2918]
20150809 20:39_[7144, 4464, 9019, 7600]
20150809 20:40_[8566, 3347, 1318, 4868]
20150809 20:41_[2368, 7769, 2081, 7071]
20150809 20:42_[8666, 2082, 2317, 8424]
20150809 20:43_[9332, 7122, 8661, 6329]
20150809 20:44_[5702, 1552, 3686, 4563]
20150809 20:45_[6029, 3475, 3360, 5312]
20150809 20:46_[5039, 7068, 9201, 6878]
20150809 20:47_[1627, 6697, 1559, 8510]
20150809 20:48_[4741, 7414, 3881, 1862]
20150809 20:49_[6720, 7650, 2865, 9499]
20150809 20:50_[2910, 2597, 2588, 2400]
20150809 20:51_[6179, 8564, 4049, 3358]
20150809 20:52_[8806, 6578, 9873, 2599]
20150809 20:53_[8291, 7296, 9172, 5517]
20150809 20:54_[6522, 4453, 1507, 8660]
20150809 20:55_[3855, 8363, 6348, 8802]
20150809 20:56_[4643, 3507, 6859, 3155]
20150809 20:57_[8526, 7434, 8955, 3553]
20150809 20:58_[7628, 3932, 8355, 6464]
20150809 20:59_[7444, 7791, 6559, 6126]
20150809 21:00_[6591, 5385, 8710, 2957]
20150809 21:01_[4312, 7827, 8769, 6342]
20150809 21:02_[1586, 1556, 3737, 3910]
20150809 21:03_[5278, 7852, 3007, 9000]
20150809 21:04_[3623, 6670, 2039, 3968]
20150809 21:05_[7448, 4468, 2267, 5929]
20150809 21:06_[5381, 2288, 5606, 2940]
20150809 21:07_[3764, 5215, 2760, 9759]
20150809 21:08_[2384, 6604, 6024, 9884]
20150809 21:09_[2812, 8322, 2256, 2065]
20150809 21:10_[4816, 4843, 8083, 1429]
20150809 21:11_[4325, 3355, 1012, 9578]
20150809 21:12_[7560, 6576, 9352, 8782]
20150809 21:13_[7508, 9533, 6694, 8691]
20150809 21:14_[3476, 7524, 7583, 4093]
20150809 21:15_[1166, 8571, 3857, 8359]
20150809 21:16_[9891, 7302, 7071, 5461]
20150809 21:17_[3787, 9659, 2259, 1469]
20150809 21:18_[9733, 9313, 3618, 5262]
20150809 21:19_[1515, 8720, 5353, 9749]
20150809 21:20_[7135, 5286, 4909, 1376]
20150809 21:21_[6876, 8236, 7151, 1606]
20150809 21:22_[5025, 6538, 5125, 1958]
20150809 21:23_[5108, 2612, 4989, 3414]
20150809 21:24_[4818, 6687, 8949, 8643]
20150809 21:25_[2162, 3851, 6415, 2417]
20150809 21:26_[2558, 9362, 4960, 9311]
20150809 21:27_[2980, 2900, 6551, 8857]
20150809 21:28_[3256, 1217, 5290, 5265]
20150809 21:29_[4449, 7225, 3893, 3711]
20150809 21:30_[1528, 5935, 7724, 7446]
20150809 21:31_[3226, 5217, 3287, 1080]
20150809 21:32_[6955, 8688, 3049, 1582]
20150809 21:33_[4983, 8653, 1831, 1021]
20150809 21:34_[8173, 2171, 9020, 4824]
20150809 21:35_[6091, 8632, 3868, 7780]
20150809 21:36_[8952, 1125, 8193, 7025]
20150809 21:37_[4003, 8625, 9875, 8892]
20150809 21:38_[4959, 5307, 1860, 2814]
20150809 21:39_[3796, 9626, 6107, 7994]
20150809 21:40_[4755, 1515, 5962, 9587]
20150809 21:41_[6957, 7025, 7379, 4140]
20150809 21:42_[7067, 7873, 3934, 8446]
20150809 21:43_[4426, 6853, 2986, 8760]
20150809 21:44_[3628, 3675, 3762, 7341]
20150809 21:45_[3990, 2127, 8350, 6655]
20150809 21:46_[6645, 2897, 6942, 9769]
20150809 21:47_[6418, 5434, 2340, 6919]
20150809 21:48_[1614, 9510, 8898, 8317]
20150809 21:49_[2864, 3867, 4004, 1832]
20150809 21:50_[1188, 2939, 8021, 4546]
20150809 21:51_[3892, 1886, 7881, 1719]
20150809 21:52_[7266, 5839, 9760, 8452]
20150809 21:53_[4512, 1140, 2397, 9201]
20150809 21:54_[5539, 3064, 7845, 6840]
20150809 21:55_[1200, 5514, 9924, 6973]
20150809 21:56_[9423, 9063, 8510, 5928]
20150809 21:57_[7824, 4392, 3316, 8287]
20150809 21:58_[9938, 2365, 2961, 1327]
20150809 21:59_[5377, 8127, 6924, 8006]
20150809 22:00_[8594, 3232, 1593, 4134]
20150809 22:01_[2307, 8691, 7502, 1800]
20150809 22:02_[3590, 6083, 1957, 8840]
20150809 22:03_[3070, 6372, 4508, 6854]
20150809 22:04_[3334, 2299, 8853, 7433]
20150809 22:05_[8744, 5446, 5227, 9850]
20150809 22:06_[4986, 5956, 7539, 4917]
20150809 22:07_[3005, 9055, 4984, 7126]
20150809 22:08_[3788, 9272, 4957, 8445]
20150809 22:09_[8458, 7791, 2336, 4393]
20150809 22:10_[3448, 2911, 2466, 8731]
20150809 22:11_[5540, 1354, 9729, 3403]
20150809 22:12_[1111, 5907, 7776, 6841]
20150809 22:13_[1915, 5960, 8047, 7536]
20150809 22:14_[5044, 4534, 2690, 8918]
20150809 22:15_[6818, 7207, 2459, 8863]
20150809 22:16_[2122, 1901, 6154, 4968]
20150809 22:17_[8582, 9752, 1302, 2338]
20150809 22:18_[5504, 4284, 9232, 8509]
20150809 22:19_[8558, 9561, 5614, 1473]
20150809 22:20_[6140, 6338, 8030, 4111]
20150809 22:21_[3895, 9130, 5557, 9053]
20150809 22:22_[6544, 3965, 3528, 5798]
20150809 22:23_[3660, 2549, 6143, 9932]
20150809 22:24_[4934, 9573, 4177, 4177]
20150809 22:25_[5983, 4212, 7681, 8928]
20150809 22:26_[8102, 6139, 5199, 2857]
20150809 22:27_[2199, 2955, 9563, 5980]
20150809 22:28_[4873, 8466, 3159, 9652]
20150809 22:29_[5751, 7265, 7351, 5560]
20150809 22:30_[6592, 3270, 3546, 8002]
20150809 22:31_[6400, 8499, 5458, 4203]
20150809 22:32_[4251, 5572, 6785, 9703]
20150809 22:33_[9914, 4505, 6072, 4650]
20150809 22:34_[1537, 4211, 5625, 1727]
20150809 22:35_[7543, 8691, 7693, 2108]
20150809 22:36_[5884, 1250, 9200, 7652]
20150809 22:37_[9204, 5919, 5770, 4767]
20150809 22:38_[6215, 9328, 4100, 4447]
20150809 22:39_[2079, 8504, 5784, 6696]
20150809 22:40_[7527, 3504, 1937, 6649]
20150809 22:41_[4006, 5993, 8902, 9080]
20150809 22:42_[6140, 6299, 4691, 5329]
20150809 22:43_[8957, 9999, 2559, 4636]
20150809 22:44_[1367, 5365, 3037, 9149]
20150809 22:45_[5211, 8144, 4052, 1889]
20150809 22:46_[5423, 9771, 3888, 9890]
20150809 22:47_[7888, 3916, 3467, 4783]
20150809 22:48_[2393, 5286, 3320, 3176]
20150809 22:49_[7077, 4629, 4837, 4152]
20150809 22:50_[9761, 1110, 2252, 6360]
20150809 22:51_[5702, 3299, 3702, 7291]
20150809 22:52_[4282, 1987, 2956, 3282]
20150809 22:53_[1811, 8270, 1353, 1301]
20150809 22:54_[2546, 3594, 1323, 9670]
20150809 22:55_[6138, 2781, 9772, 7915]
20150809 22:56_[4504, 9920, 1893, 6679]
20150809 22:57_[4283, 4437, 6517, 2073]
20150809 22:58_[6594, 7072, 6596, 4061]
20150809 22:59_[2051, 2803, 6944, 7748]
20150809 23:00_[5696, 1615, 6930, 5651]
20150809 23:01_[2299, 2164, 1497, 3954]
20150809 23:02_[6739, 8247, 6146, 8053]
20150809 23:03_[1452, 6804, 4177, 5669]
20150809 23:04_[4225, 7731, 7543, 2246]
20150809 23:05_[8833, 8678, 2234, 1929]
20150809 23:06_[5138, 8356, 1246, 6382]
20150809 23:07_[4157, 7017, 6814, 1790]
20150809 23:08_[3930, 8561, 9036, 7704]
20150809 23:09_[7412, 6566, 6101, 2300]
20150809 23:10_[1209, 6260, 4437, 2397]
20150809 23:11_[8210, 5917, 1745, 1987]
20150809 23:12_[4037, 7784, 6867, 6254]
20150809 23:13_[7574, 5198, 8273, 3194]
20150809 23:14_[8592, 1996, 9974, 3699]
20150809 23:15_[1300, 9499, 4820, 4922]
20150809 23:16_[2156, 9193, 6550, 2286]
20150809 23:17_[8081, 5490, 9409, 9439]
20150809 23:18_[5198, 1085, 7779, 5962]
20150809 23:19_[5521, 7373, 7266, 1737]
20150809 23:20_[9910, 4732, 4316, 3401]
20150809 23:21_[3603, 4431, 7227, 7090]
20150809 23:22_[5903, 2207, 3748, 5621]
20150809 23:23_[3153, 6133, 5693, 3777]
20150809 23:24_[6142, 7935, 5496, 8089]
20150809 23:25_[6441, 7240, 8789, 9499]
20150809 23:26_[1203, 1047, 5402, 1117]
20150809 23:27_[9750, 9368, 3656, 7219]
20150809 23:28_[2851, 6226, 6410, 6734]
20150809 23:29_[8384, 4792, 4084, 5458]
20150809 23:30_[9418, 2683, 7104, 5293]
20150809 23:31_[9945, 7555, 9464, 8981]
20150809 23:32_[2741, 2680, 5781, 8953]
20150809 23:33_[2439, 7507, 8210, 7985]
20150809 23:34_[8990, 8505, 3177, 2179]
20150809 23:35_[2442, 6391, 1531, 8621]
20150809 23:36_[3291, 3262, 5828, 6586]
20150809 23:37_[1280, 6438, 4421, 2472]
20150809 23:38_[2754, 7980, 4008, 6387]
20150809 23:39_[6862, 5066, 4317, 9696]
20150809 23:40_[2452, 1542, 2328, 6962]
20150809 23:41_[2667, 4174, 4059, 5366]
20150809 23:42_[3233, 4162, 8008, 1783]
20150809 23:43_[5289, 4045, 7532, 1052]
20150809 23:44_[2898, 7987, 5367, 7569]
20150809 23:45_[8662, 8393, 8607, 8338]
20150809 23:46_[8316, 2618, 1158, 3612]
20150809 23:47_[1838, 7250, 2102, 1830]
20150809 23:48_[3505, 7316, 4324, 8286]
20150809 23:49_[7490, 8662, 4503, 8712]
20150809 23:50_[6632, 8174, 8262, 1277]
20150809 23:51_[5329, 7186, 2716, 7355]
20150809 23:52_[1454, 6276, 3811, 8457]
20150809 23:53_[2019, 5573, 8177, 4001]
20150809 23:54_[6055, 3573, 7406, 1605]
20150809 23:55_[7681, 6772, 5041, 1128]
20150809 23:56_[8373, 5107, 8301, 3378]
20150809 23:57_[3243, 2169, 5320, 3692]
20150809 23:58_[7613, 3471, 9745, 3139]
20150809 23:59_[2294, 4896, 3309, 4632]
