20150819 00:00_[4395, 4219, 5899, 1044]
20150819 00:01_[1090, 8432, 3942, 5516]
20150819 00:02_[9538, 3060, 3638, 7954]
20150819 00:03_[7370, 1291, 6908, 9101]
20150819 00:04_[8810, 4785, 5238, 1953]
20150819 00:05_[8181, 1947, 2640, 7614]
20150819 00:06_[8948, 1953, 1542, 4811]
20150819 00:07_[2071, 6486, 1413, 5705]
20150819 00:08_[8271, 9521, 1151, 7860]
20150819 00:09_[9454, 6777, 7602, 1004]
20150819 00:10_[6947, 9004, 7987, 9439]
20150819 00:11_[2914, 8923, 4898, 9634]
20150819 00:12_[7622, 3521, 3659, 8731]
20150819 00:13_[7807, 1610, 4161, 4510]
20150819 00:14_[7976, 8054, 1240, 1759]
20150819 00:15_[1383, 3402, 1226, 6989]
20150819 00:16_[8198, 5323, 5049, 6108]
20150819 00:17_[2408, 8171, 5846, 7115]
20150819 00:18_[6588, 8393, 2657, 1711]
20150819 00:19_[4050, 9436, 9348, 7463]
20150819 00:20_[3208, 6425, 5286, 4627]
20150819 00:21_[9949, 3869, 3767, 6173]
20150819 00:22_[8023, 6384, 4652, 8163]
20150819 00:23_[1494, 4775, 8752, 1670]
20150819 00:24_[4968, 1234, 2655, 5163]
20150819 00:25_[4745, 3300, 2003, 9913]
20150819 00:26_[5155, 6426, 3577, 2100]
20150819 00:27_[8145, 3548, 1748, 8800]
20150819 00:28_[7421, 8553, 4567, 4531]
20150819 00:29_[2902, 2171, 4754, 1456]
20150819 00:30_[7396, 5814, 5093, 1126]
20150819 00:31_[5827, 6055, 6796, 3677]
20150819 00:32_[7242, 5171, 3981, 9125]
20150819 00:33_[2214, 2256, 5206, 1593]
20150819 00:34_[2486, 5799, 2857, 6583]
20150819 00:35_[7634, 6177, 8117, 7634]
20150819 00:36_[6438, 1270, 4666, 4938]
20150819 00:37_[2462, 3893, 2844, 6215]
20150819 00:38_[7702, 2632, 4552, 3961]
20150819 00:39_[7927, 4421, 1710, 3765]
20150819 00:40_[5940, 3477, 1392, 8980]
20150819 00:41_[3389, 9956, 9844, 7198]
20150819 00:42_[5208, 9059, 3630, 7773]
20150819 00:43_[4484, 2165, 2078, 8283]
20150819 00:44_[2351, 2239, 6066, 5593]
20150819 00:45_[5496, 5208, 9621, 4308]
20150819 00:46_[5075, 1248, 1226, 9681]
20150819 00:47_[8721, 7182, 8051, 3556]
20150819 00:48_[5087, 6838, 1481, 5933]
20150819 00:49_[2710, 6464, 4780, 2018]
20150819 00:50_[6588, 1571, 1530, 1424]
20150819 00:51_[4654, 6461, 4262, 9623]
20150819 00:52_[2277, 1418, 6506, 6477]
20150819 00:53_[9950, 7014, 8856, 9977]
20150819 00:54_[8563, 5076, 5014, 9242]
20150819 00:55_[4247, 8476, 8797, 8886]
20150819 00:56_[2156, 9671, 9690, 6576]
20150819 00:57_[3183, 6158, 6419, 7829]
20150819 00:58_[9041, 7761, 8333, 1249]
20150819 00:59_[4484, 3306, 6357, 3201]
20150819 01:00_[4694, 4544, 9652, 6197]
20150819 01:01_[4298, 5627, 9933, 5188]
20150819 01:02_[2578, 1896, 8796, 3962]
20150819 01:03_[3231, 9260, 9844, 3240]
20150819 01:04_[4011, 4063, 4262, 7912]
20150819 01:05_[6367, 8618, 5467, 6600]
20150819 01:06_[5851, 7164, 6494, 6690]
20150819 01:07_[2406, 3096, 7663, 6580]
20150819 01:08_[7482, 8989, 2096, 4687]
20150819 01:09_[7324, 9534, 8043, 3489]
20150819 01:10_[2382, 7967, 9303, 7642]
20150819 01:11_[6119, 8087, 4556, 1001]
20150819 01:12_[1657, 7912, 1913, 3678]
20150819 01:13_[7628, 8242, 7210, 2264]
20150819 01:14_[5063, 7624, 2447, 4490]
20150819 01:15_[9734, 8271, 9355, 2415]
20150819 01:16_[4403, 2239, 1900, 3857]
20150819 01:17_[9212, 3337, 1153, 6444]
20150819 01:18_[8506, 7863, 4503, 5814]
20150819 01:19_[5877, 7448, 2466, 8147]
20150819 01:20_[2086, 9325, 9177, 7251]
20150819 01:21_[3794, 6679, 5440, 5034]
20150819 01:22_[3524, 1725, 2071, 9195]
20150819 01:23_[2999, 5909, 3409, 1770]
20150819 01:24_[3956, 7978, 6710, 1333]
20150819 01:25_[5747, 5532, 1892, 4741]
20150819 01:26_[4175, 7551, 6574, 3814]
20150819 01:27_[7485, 9631, 8727, 3000]
20150819 01:28_[8138, 7601, 5409, 7945]
20150819 01:29_[5857, 4379, 4389, 2084]
20150819 01:30_[4147, 4890, 7524, 5964]
20150819 01:31_[7986, 8649, 6963, 9228]
20150819 01:32_[2080, 3702, 9731, 4966]
20150819 01:33_[8576, 2314, 4259, 4954]
20150819 01:34_[7441, 7826, 1228, 1686]
20150819 01:35_[8478, 4157, 8556, 2395]
20150819 01:36_[7767, 5122, 9948, 7958]
20150819 01:37_[1415, 2151, 7538, 1522]
20150819 01:38_[5575, 3764, 5567, 2961]
20150819 01:39_[3230, 8154, 4021, 9802]
20150819 01:40_[2319, 7968, 6449, 9547]
20150819 01:41_[3807, 4241, 2262, 4452]
20150819 01:42_[3219, 7429, 9406, 4191]
20150819 01:43_[4064, 8782, 6340, 8267]
20150819 01:44_[1116, 8640, 2094, 1932]
20150819 01:45_[7693, 3393, 2721, 7937]
20150819 01:46_[2843, 2813, 6437, 1937]
20150819 01:47_[6205, 5680, 7591, 5995]
20150819 01:48_[4315, 5749, 8452, 4596]
20150819 01:49_[8263, 3979, 7623, 6468]
20150819 01:50_[2860, 5439, 8368, 8259]
20150819 01:51_[1398, 1211, 3597, 1437]
20150819 01:52_[2538, 5310, 2691, 4644]
20150819 01:53_[1399, 8740, 6591, 2509]
20150819 01:54_[6601, 7817, 2697, 1546]
20150819 01:55_[9357, 6333, 5864, 9377]
20150819 01:56_[1787, 5655, 2537, 6697]
20150819 01:57_[8203, 2549, 4362, 6884]
20150819 01:58_[5214, 7957, 6066, 8429]
20150819 01:59_[3796, 6860, 7251, 7549]
20150819 02:00_[1670, 2978, 9034, 9910]
20150819 02:01_[2326, 5190, 7690, 8555]
20150819 02:02_[3469, 7275, 8186, 1949]
20150819 02:03_[5121, 5820, 9764, 8920]
20150819 02:04_[3040, 3687, 5148, 7831]
20150819 02:05_[5840, 5085, 4868, 3529]
20150819 02:06_[2291, 8866, 5391, 7839]
20150819 02:07_[7187, 6040, 9042, 9409]
20150819 02:08_[6031, 1797, 2475, 6524]
20150819 02:09_[5166, 8454, 9059, 7445]
20150819 02:10_[7729, 3477, 3059, 8114]
20150819 02:11_[7495, 3494, 7031, 8173]
20150819 02:12_[5151, 4082, 5340, 4672]
20150819 02:13_[7712, 3069, 6659, 5455]
20150819 02:14_[8182, 3907, 2513, 7410]
20150819 02:15_[9171, 5577, 4137, 8519]
20150819 02:16_[2195, 1432, 2999, 9823]
20150819 02:17_[3404, 7474, 4178, 4946]
20150819 02:18_[7837, 2533, 7369, 1438]
20150819 02:19_[2710, 4556, 4048, 2340]
20150819 02:20_[8868, 3979, 8564, 5854]
20150819 02:21_[8652, 7474, 7065, 5188]
20150819 02:22_[5556, 3021, 7844, 2249]
20150819 02:23_[2002, 4921, 1429, 6956]
20150819 02:24_[5478, 6171, 2038, 1507]
20150819 02:25_[1327, 1189, 3064, 4884]
20150819 02:26_[2666, 1479, 4834, 6270]
20150819 02:27_[7189, 7409, 7467, 6107]
20150819 02:28_[3431, 5490, 1165, 3062]
20150819 02:29_[6491, 8523, 7881, 3692]
20150819 02:30_[7360, 3569, 2810, 2611]
20150819 02:31_[7987, 2668, 6272, 2108]
20150819 02:32_[7371, 6720, 7244, 9126]
20150819 02:33_[4962, 1431, 8598, 2917]
20150819 02:34_[4183, 1104, 6060, 6653]
20150819 02:35_[9966, 4691, 3119, 5675]
20150819 02:36_[5591, 7798, 8767, 4598]
20150819 02:37_[6953, 8748, 9943, 8305]
20150819 02:38_[9538, 6724, 7960, 1248]
20150819 02:39_[7835, 8598, 6227, 4224]
20150819 02:40_[5412, 1447, 9893, 3757]
20150819 02:41_[5982, 8636, 8195, 5215]
20150819 02:42_[1345, 4810, 2652, 3434]
20150819 02:43_[5119, 2880, 7247, 6607]
20150819 02:44_[5819, 4833, 6287, 9620]
20150819 02:45_[2041, 4828, 2624, 2977]
20150819 02:46_[2810, 9141, 5106, 9139]
20150819 02:47_[5919, 6374, 5481, 4709]
20150819 02:48_[5216, 9784, 1997, 8661]
20150819 02:49_[8512, 4067, 3873, 7318]
20150819 02:50_[5706, 8984, 6574, 4160]
20150819 02:51_[9008, 7910, 1259, 9878]
20150819 02:52_[1166, 3631, 9025, 5212]
20150819 02:53_[3992, 6576, 5508, 2631]
20150819 02:54_[1275, 3816, 4404, 7826]
20150819 02:55_[3290, 4193, 6765, 3622]
20150819 02:56_[2285, 7937, 3437, 3622]
20150819 02:57_[8821, 3987, 8484, 2655]
20150819 02:58_[8711, 8672, 7872, 8122]
20150819 02:59_[1166, 5785, 6290, 1313]
20150819 03:00_[4454, 9806, 8635, 8587]
20150819 03:01_[2451, 8524, 5827, 9497]
20150819 03:02_[1451, 4178, 9778, 7338]
20150819 03:03_[8407, 6688, 4838, 1191]
20150819 03:04_[5782, 3755, 3841, 7002]
20150819 03:05_[6668, 4571, 3626, 7611]
20150819 03:06_[1893, 1619, 7992, 3592]
20150819 03:07_[1303, 3452, 7066, 7337]
20150819 03:08_[2738, 2133, 9533, 1697]
20150819 03:09_[5135, 9315, 6540, 4081]
20150819 03:10_[5852, 8904, 2099, 6881]
20150819 03:11_[8887, 4270, 6969, 2973]
20150819 03:12_[7389, 6089, 2527, 1723]
20150819 03:13_[5339, 9260, 8132, 4077]
20150819 03:14_[1081, 8548, 9932, 2979]
20150819 03:15_[8489, 5573, 9649, 7714]
20150819 03:16_[5605, 5782, 6650, 5038]
20150819 03:17_[3118, 5131, 4122, 4883]
20150819 03:18_[5063, 3294, 5478, 5905]
20150819 03:19_[6772, 1823, 6740, 5614]
20150819 03:20_[8789, 8457, 7706, 2202]
20150819 03:21_[2592, 9885, 7713, 8038]
20150819 03:22_[4351, 3622, 8943, 2799]
20150819 03:23_[5837, 7086, 8657, 5488]
20150819 03:24_[5604, 8004, 7091, 7423]
20150819 03:25_[4292, 1443, 5020, 3529]
20150819 03:26_[5900, 2658, 9423, 4684]
20150819 03:27_[3615, 6640, 6861, 3719]
20150819 03:28_[8795, 7681, 6496, 6656]
20150819 03:29_[5112, 4481, 8415, 2656]
20150819 03:30_[2623, 9355, 8459, 8098]
20150819 03:31_[7539, 7495, 7376, 7089]
20150819 03:32_[5617, 9157, 6377, 3052]
20150819 03:33_[4264, 9066, 1213, 1442]
20150819 03:34_[4435, 4701, 6770, 6517]
20150819 03:35_[8733, 4897, 2074, 2831]
20150819 03:36_[4128, 1871, 1052, 3471]
20150819 03:37_[6520, 1942, 4438, 6407]
20150819 03:38_[3830, 6053, 2433, 6814]
20150819 03:39_[3497, 8207, 4857, 2509]
20150819 03:40_[6446, 6824, 7386, 8256]
20150819 03:41_[7718, 6044, 5402, 5798]
20150819 03:42_[1734, 9963, 2941, 9058]
20150819 03:43_[5202, 8551, 8178, 6555]
20150819 03:44_[6185, 3431, 4396, 4580]
20150819 03:45_[5435, 2920, 8716, 8199]
20150819 03:46_[4593, 7624, 1491, 9057]
20150819 03:47_[3088, 7222, 9236, 4892]
20150819 03:48_[9607, 7113, 2301, 7746]
20150819 03:49_[5950, 1770, 7088, 8936]
20150819 03:50_[6945, 5178, 2626, 8090]
20150819 03:51_[7914, 7556, 5734, 3849]
20150819 03:52_[3790, 3732, 9093, 9517]
20150819 03:53_[2833, 5441, 3590, 8643]
20150819 03:54_[4124, 7785, 9867, 5330]
20150819 03:55_[7906, 2091, 1378, 9509]
20150819 03:56_[3903, 6589, 7738, 1228]
20150819 03:57_[6978, 5675, 9647, 3892]
20150819 03:58_[6259, 3715, 9926, 3392]
20150819 03:59_[7215, 8075, 6065, 2618]
20150819 04:00_[1205, 7439, 4920, 3213]
20150819 04:01_[8751, 1404, 9488, 6075]
20150819 04:02_[2904, 9529, 5663, 4215]
20150819 04:03_[1941, 6702, 5987, 7488]
20150819 04:04_[1478, 1857, 7385, 1995]
20150819 04:05_[7920, 1580, 8557, 3940]
20150819 04:06_[5179, 2347, 5353, 2818]
20150819 04:07_[2162, 8952, 5807, 1548]
20150819 04:08_[2905, 5611, 5794, 9175]
20150819 04:09_[9015, 6624, 1613, 7618]
20150819 04:10_[1761, 3866, 3740, 6547]
20150819 04:11_[6568, 4451, 6552, 1485]
20150819 04:12_[4140, 6934, 4868, 1173]
20150819 04:13_[8893, 9794, 3802, 3466]
20150819 04:14_[7032, 2505, 4905, 4955]
20150819 04:15_[2251, 8964, 1653, 4252]
20150819 04:16_[4138, 3435, 6777, 7455]
20150819 04:17_[3201, 6810, 8966, 1560]
20150819 04:18_[6649, 2655, 5529, 3591]
20150819 04:19_[8092, 7722, 1313, 8913]
20150819 04:20_[8630, 9200, 6629, 8569]
20150819 04:21_[3121, 4160, 6932, 6773]
20150819 04:22_[5733, 2796, 4880, 3194]
20150819 04:23_[5064, 5626, 8840, 8478]
20150819 04:24_[9008, 6189, 7696, 1742]
20150819 04:25_[4422, 6292, 6547, 1327]
20150819 04:26_[8349, 5843, 6036, 6562]
20150819 04:27_[2059, 2181, 7879, 8943]
20150819 04:28_[5862, 7072, 2198, 5676]
20150819 04:29_[3895, 8127, 6216, 2200]
20150819 04:30_[4210, 5938, 7208, 6809]
20150819 04:31_[7200, 1373, 6828, 1426]
20150819 04:32_[8441, 9736, 2220, 5534]
20150819 04:33_[4440, 6828, 5136, 4750]
20150819 04:34_[3099, 6569, 7895, 2812]
20150819 04:35_[9373, 1050, 2941, 1240]
20150819 04:36_[2762, 6934, 9110, 2216]
20150819 04:37_[3916, 2779, 2237, 7526]
20150819 04:38_[5563, 4646, 7188, 6082]
20150819 04:39_[7997, 2581, 5487, 2350]
20150819 04:40_[7624, 3075, 3613, 1634]
20150819 04:41_[7898, 7270, 2265, 4227]
20150819 04:42_[8911, 6588, 7963, 3084]
20150819 04:43_[6110, 9761, 9778, 3598]
20150819 04:44_[2734, 7926, 2144, 6969]
20150819 04:45_[4033, 2509, 7794, 3318]
20150819 04:46_[8775, 4995, 3268, 1599]
20150819 04:47_[6563, 7425, 7171, 7805]
20150819 04:48_[8081, 9219, 3187, 4989]
20150819 04:49_[7225, 3189, 9903, 3819]
20150819 04:50_[6350, 6582, 6055, 7506]
20150819 04:51_[7925, 2904, 4868, 1169]
20150819 04:52_[7455, 3456, 8255, 1889]
20150819 04:53_[1040, 9920, 6773, 9841]
20150819 04:54_[3883, 2145, 7524, 2478]
20150819 04:55_[7306, 5870, 9490, 8246]
20150819 04:56_[2330, 6440, 6061, 3668]
20150819 04:57_[9596, 7951, 2841, 1913]
20150819 04:58_[4359, 6384, 6963, 3054]
20150819 04:59_[1687, 5428, 7109, 8650]
20150819 05:00_[4422, 4344, 3814, 6054]
20150819 05:01_[5908, 4788, 8714, 7509]
20150819 05:02_[1215, 1711, 2195, 7134]
20150819 05:03_[6824, 4725, 3965, 1588]
20150819 05:04_[1689, 8194, 7370, 6091]
20150819 05:05_[8774, 2335, 1776, 9186]
20150819 05:06_[1841, 7458, 6258, 4679]
20150819 05:07_[3273, 7458, 8747, 1776]
20150819 05:08_[9949, 7357, 1486, 5830]
20150819 05:09_[1422, 9942, 9600, 1985]
20150819 05:10_[7483, 9009, 3400, 3990]
20150819 05:11_[4374, 9582, 8042, 3555]
20150819 05:12_[4716, 3737, 3103, 4941]
20150819 05:13_[7112, 6102, 3292, 1651]
20150819 05:14_[9258, 6756, 6764, 6254]
20150819 05:15_[9684, 6802, 5319, 7793]
20150819 05:16_[3503, 5403, 7050, 3903]
20150819 05:17_[6363, 5557, 4025, 4707]
20150819 05:18_[2504, 2849, 1400, 4242]
20150819 05:19_[9276, 9912, 1731, 5150]
20150819 05:20_[2978, 5769, 1936, 2445]
20150819 05:21_[1500, 8884, 3556, 2018]
20150819 05:22_[8972, 5609, 7908, 5351]
20150819 05:23_[2186, 9001, 1173, 3504]
20150819 05:24_[7141, 5897, 7261, 4763]
20150819 05:25_[5496, 4042, 2116, 8476]
20150819 05:26_[9465, 5496, 1202, 9270]
20150819 05:27_[3273, 4104, 9934, 6371]
20150819 05:28_[4071, 5907, 8603, 2699]
20150819 05:29_[7088, 3113, 7330, 4030]
20150819 05:30_[6158, 6531, 3186, 4270]
20150819 05:31_[7041, 8947, 2774, 6162]
20150819 05:32_[8675, 4827, 5233, 8472]
20150819 05:33_[6439, 7367, 7831, 8106]
20150819 05:34_[4556, 9076, 3054, 8754]
20150819 05:35_[8430, 6858, 4422, 7420]
20150819 05:36_[7138, 8296, 7664, 8430]
20150819 05:37_[6276, 7570, 1981, 7848]
20150819 05:38_[4516, 5632, 7859, 6042]
20150819 05:39_[5184, 9074, 3953, 3229]
20150819 05:40_[9326, 1192, 9538, 1762]
20150819 05:41_[2094, 2385, 4288, 3028]
20150819 05:42_[6162, 9522, 1578, 4888]
20150819 05:43_[3684, 8362, 3211, 4342]
20150819 05:44_[3478, 8392, 2489, 4811]
20150819 05:45_[1640, 8796, 4344, 5634]
20150819 05:46_[7061, 8148, 2918, 4420]
20150819 05:47_[7493, 2651, 4042, 3300]
20150819 05:48_[8353, 2148, 9958, 3138]
20150819 05:49_[1212, 2663, 8920, 9341]
20150819 05:50_[1597, 4827, 4380, 6186]
20150819 05:51_[4078, 6160, 4925, 5061]
20150819 05:52_[6532, 8284, 8353, 5530]
20150819 05:53_[9382, 5202, 9108, 4079]
20150819 05:54_[6013, 1359, 2436, 2092]
20150819 05:55_[7790, 2801, 5810, 8391]
20150819 05:56_[6076, 5495, 7265, 4975]
20150819 05:57_[1589, 2766, 1948, 6747]
20150819 05:58_[2480, 6206, 9105, 7234]
20150819 05:59_[6742, 4232, 8299, 5245]
20150819 06:00_[6439, 1355, 5529, 3106]
20150819 06:01_[7153, 3841, 8777, 2742]
20150819 06:02_[2373, 9743, 6039, 4567]
20150819 06:03_[2208, 3046, 5557, 8555]
20150819 06:04_[4771, 4040, 8497, 8964]
20150819 06:05_[8826, 2560, 6805, 1495]
20150819 06:06_[6195, 6356, 4416, 7335]
20150819 06:07_[6781, 6556, 7321, 6060]
20150819 06:08_[5207, 4612, 3646, 3142]
20150819 06:09_[5403, 9152, 9973, 3277]
20150819 06:10_[4903, 9104, 4300, 2201]
20150819 06:11_[8043, 2425, 2273, 1910]
20150819 06:12_[8462, 9638, 3788, 4541]
20150819 06:13_[6517, 5329, 5791, 9072]
20150819 06:14_[8399, 2726, 3418, 2195]
20150819 06:15_[1184, 6449, 2299, 2395]
20150819 06:16_[4761, 4441, 3852, 4812]
20150819 06:17_[9314, 9054, 9945, 7138]
20150819 06:18_[8838, 8089, 4597, 5364]
20150819 06:19_[5675, 7611, 6244, 9016]
20150819 06:20_[8616, 4842, 8091, 6513]
20150819 06:21_[2938, 8104, 4572, 7216]
20150819 06:22_[2783, 9326, 2269, 4155]
20150819 06:23_[6319, 1132, 5263, 4451]
20150819 06:24_[5126, 7835, 3690, 1935]
20150819 06:25_[8039, 1270, 3968, 5623]
20150819 06:26_[3751, 1066, 4644, 1499]
20150819 06:27_[4364, 2978, 8300, 5542]
20150819 06:28_[6128, 6324, 1877, 2991]
20150819 06:29_[7167, 7326, 9343, 4177]
20150819 06:30_[2969, 4340, 2855, 2863]
20150819 06:31_[2978, 6669, 8866, 8933]
20150819 06:32_[1858, 7284, 5957, 3101]
20150819 06:33_[4865, 2353, 2163, 8443]
20150819 06:34_[4293, 8759, 2926, 8008]
20150819 06:35_[6674, 3711, 9476, 6445]
20150819 06:36_[8629, 3219, 4525, 9814]
20150819 06:37_[3990, 1472, 9079, 9096]
20150819 06:38_[1453, 7783, 8986, 8704]
20150819 06:39_[5135, 1545, 9610, 6624]
20150819 06:40_[2032, 7228, 8874, 7871]
20150819 06:41_[7234, 4956, 3271, 6092]
20150819 06:42_[8846, 2963, 5066, 6730]
20150819 06:43_[8223, 8455, 3318, 3477]
20150819 06:44_[5478, 6533, 9291, 7037]
20150819 06:45_[8014, 3924, 2840, 4866]
20150819 06:46_[9523, 6745, 3489, 1404]
20150819 06:47_[5208, 4600, 6046, 5246]
20150819 06:48_[9637, 7720, 5041, 1678]
20150819 06:49_[2171, 3418, 3962, 7560]
20150819 06:50_[9204, 6873, 8537, 7046]
20150819 06:51_[8579, 3052, 2844, 7976]
20150819 06:52_[6067, 6549, 2909, 7264]
20150819 06:53_[6709, 9980, 7472, 3905]
20150819 06:54_[8132, 6832, 4543, 8482]
20150819 06:55_[3297, 9348, 1136, 2445]
20150819 06:56_[5246, 4776, 3951, 5419]
20150819 06:57_[3683, 8897, 1667, 1690]
20150819 06:58_[7412, 9782, 9464, 9286]
20150819 06:59_[5400, 1137, 3799, 7684]
20150819 07:00_[5227, 5151, 6651, 9054]
20150819 07:01_[8621, 3687, 5506, 9881]
20150819 07:02_[1239, 3180, 7940, 6130]
20150819 07:03_[8766, 5437, 2403, 6201]
20150819 07:04_[2705, 1785, 4757, 2794]
20150819 07:05_[2059, 2389, 3718, 4275]
20150819 07:06_[3756, 8207, 2938, 5247]
20150819 07:07_[4445, 7140, 1570, 4355]
20150819 07:08_[6026, 8653, 3564, 7983]
20150819 07:09_[5261, 8533, 9819, 2187]
20150819 07:10_[1306, 7689, 1236, 9748]
20150819 07:11_[6255, 6451, 4948, 6251]
20150819 07:12_[2665, 2088, 1336, 7035]
20150819 07:13_[9391, 9730, 7047, 2656]
20150819 07:14_[3466, 5990, 1164, 2442]
20150819 07:15_[6433, 8047, 3159, 4747]
20150819 07:16_[4852, 4150, 9238, 9455]
20150819 07:17_[5141, 8014, 7170, 6617]
20150819 07:18_[6695, 4295, 8901, 2622]
20150819 07:19_[2602, 3440, 9360, 5001]
20150819 07:20_[4739, 8386, 8974, 5388]
20150819 07:21_[6505, 3022, 6091, 6291]
20150819 07:22_[7718, 9643, 7749, 3000]
20150819 07:23_[9013, 9574, 6124, 8522]
20150819 07:24_[2984, 3280, 2472, 2086]
20150819 07:25_[9922, 2816, 8188, 5930]
20150819 07:26_[6987, 7662, 8708, 2566]
20150819 07:27_[5669, 6236, 5921, 4385]
20150819 07:28_[5098, 6966, 6878, 1877]
20150819 07:29_[3850, 4620, 7966, 1974]
20150819 07:30_[9355, 6550, 3811, 4518]
20150819 07:31_[4160, 7724, 2911, 6193]
20150819 07:32_[2152, 4081, 8303, 1356]
20150819 07:33_[2387, 6277, 5512, 4984]
20150819 07:34_[1561, 8421, 2589, 8406]
20150819 07:35_[9447, 9632, 1346, 1580]
20150819 07:36_[9561, 7956, 6895, 7794]
20150819 07:37_[2718, 9288, 1081, 8575]
20150819 07:38_[2147, 9852, 4849, 7522]
20150819 07:39_[7908, 3039, 9619, 6551]
20150819 07:40_[5646, 2460, 1500, 9142]
20150819 07:41_[4900, 5104, 4878, 4069]
20150819 07:42_[9531, 8926, 7173, 3180]
20150819 07:43_[9242, 8310, 7398, 4658]
20150819 07:44_[7112, 8056, 7203, 8996]
20150819 07:45_[1438, 6665, 3252, 1454]
20150819 07:46_[6272, 9391, 6676, 9575]
20150819 07:47_[2168, 4908, 2187, 2974]
20150819 07:48_[2762, 5914, 8497, 6604]
20150819 07:49_[6365, 3030, 8912, 4465]
20150819 07:50_[5559, 8249, 6493, 7095]
20150819 07:51_[9576, 8519, 3556, 3278]
20150819 07:52_[9261, 9924, 5063, 7317]
20150819 07:53_[3690, 7260, 4134, 7594]
20150819 07:54_[8972, 8040, 9001, 9359]
20150819 07:55_[9292, 7379, 7782, 5703]
20150819 07:56_[6516, 8742, 9840, 7639]
20150819 07:57_[2225, 2230, 6234, 7233]
20150819 07:58_[1360, 7946, 7375, 8203]
20150819 07:59_[1199, 7696, 2609, 5031]
20150819 08:00_[3673, 2336, 9996, 6388]
20150819 08:01_[6531, 6689, 4606, 9789]
20150819 08:02_[4834, 9833, 3994, 1595]
20150819 08:03_[9369, 7208, 8455, 3640]
20150819 08:04_[2161, 8605, 6908, 6191]
20150819 08:05_[4002, 7037, 2734, 5047]
20150819 08:06_[4446, 7464, 5401, 8270]
20150819 08:07_[2019, 7038, 5322, 5404]
20150819 08:08_[2367, 6256, 5537, 7580]
20150819 08:09_[1162, 4049, 9369, 5596]
20150819 08:10_[3050, 1858, 8941, 2874]
20150819 08:11_[3465, 3657, 7606, 6398]
20150819 08:12_[9699, 7950, 2134, 5251]
20150819 08:13_[9213, 6633, 8273, 5059]
20150819 08:14_[5123, 2382, 8326, 2072]
20150819 08:15_[8817, 8750, 8310, 7695]
20150819 08:16_[8497, 8466, 1918, 8662]
20150819 08:17_[5198, 2502, 5912, 1743]
20150819 08:18_[8975, 6822, 1410, 8315]
20150819 08:19_[7871, 1639, 8799, 2893]
20150819 08:20_[2097, 1692, 6547, 2307]
20150819 08:21_[1001, 1295, 8593, 1282]
20150819 08:22_[4693, 8842, 8853, 7507]
20150819 08:23_[9947, 1827, 3602, 8210]
20150819 08:24_[9903, 9877, 9584, 8412]
20150819 08:25_[6740, 4583, 9135, 3333]
20150819 08:26_[4365, 2121, 1978, 8927]
20150819 08:27_[4036, 9021, 2010, 9801]
20150819 08:28_[3443, 2412, 6497, 4531]
20150819 08:29_[6918, 9252, 2615, 8540]
20150819 08:30_[7007, 4796, 8326, 1153]
20150819 08:31_[1415, 6493, 2362, 3596]
20150819 08:32_[1001, 2804, 5572, 4706]
20150819 08:33_[9145, 4220, 6823, 7752]
20150819 08:34_[7209, 5115, 4459, 9674]
20150819 08:35_[7436, 9037, 5796, 8200]
20150819 08:36_[5340, 3925, 6904, 9121]
20150819 08:37_[9861, 6918, 2172, 1273]
20150819 08:38_[1652, 8253, 6953, 3484]
20150819 08:39_[8519, 9842, 5149, 4724]
20150819 08:40_[9338, 9249, 6767, 8705]
20150819 08:41_[3383, 9861, 9318, 6893]
20150819 08:42_[3998, 1784, 9320, 3067]
20150819 08:43_[2884, 6468, 3481, 2093]
20150819 08:44_[3878, 3279, 7642, 9591]
20150819 08:45_[8092, 6203, 8864, 5954]
20150819 08:46_[6999, 1114, 8534, 7012]
20150819 08:47_[7377, 9831, 7113, 6180]
20150819 08:48_[5585, 3923, 8001, 6269]
20150819 08:49_[8982, 5489, 7102, 4571]
20150819 08:50_[2684, 2107, 8786, 5793]
20150819 08:51_[2685, 7574, 9970, 2177]
20150819 08:52_[8925, 1822, 7647, 4616]
20150819 08:53_[9732, 3892, 5304, 1367]
20150819 08:54_[7515, 1391, 2323, 6884]
20150819 08:55_[7013, 7314, 8145, 5348]
20150819 08:56_[1866, 6963, 5273, 1114]
20150819 08:57_[9826, 5232, 4089, 2131]
20150819 08:58_[8626, 9778, 4692, 3293]
20150819 08:59_[8126, 6443, 9741, 5299]
20150819 09:00_[4465, 9367, 6385, 1387]
20150819 09:01_[5021, 6334, 4909, 5450]
20150819 09:02_[1312, 5442, 6109, 6009]
20150819 09:03_[6433, 9532, 2053, 7566]
20150819 09:04_[7408, 9742, 3195, 9409]
20150819 09:05_[5885, 1270, 2899, 2738]
20150819 09:06_[4489, 2677, 3278, 7709]
20150819 09:07_[6172, 5413, 7510, 4830]
20150819 09:08_[3170, 7542, 2019, 3825]
20150819 09:09_[2411, 5327, 3494, 9901]
20150819 09:10_[6769, 6131, 1105, 4991]
20150819 09:11_[7836, 1072, 5824, 6952]
20150819 09:12_[2219, 8697, 5233, 7792]
20150819 09:13_[3277, 5918, 5925, 8272]
20150819 09:14_[5740, 1491, 9744, 4449]
20150819 09:15_[2632, 2598, 9293, 9334]
20150819 09:16_[3770, 7871, 7202, 7811]
20150819 09:17_[4202, 3241, 6730, 3571]
20150819 09:18_[8508, 7394, 4140, 6904]
20150819 09:19_[1753, 1183, 9029, 5908]
20150819 09:20_[6656, 9184, 6436, 2466]
20150819 09:21_[3243, 3719, 9698, 8154]
20150819 09:22_[4751, 4012, 9943, 4141]
20150819 09:23_[1839, 2179, 9089, 9536]
20150819 09:24_[9951, 4433, 4327, 8766]
20150819 09:25_[4555, 2317, 7627, 4615]
20150819 09:26_[6540, 1971, 9549, 8563]
20150819 09:27_[2700, 6237, 9088, 6687]
20150819 09:28_[5577, 4061, 1450, 6789]
20150819 09:29_[3458, 3402, 1328, 2268]
20150819 09:30_[3013, 1845, 6862, 7528]
20150819 09:31_[4353, 6847, 3019, 8916]
20150819 09:32_[6652, 8577, 5664, 3203]
20150819 09:33_[8870, 7128, 8398, 1391]
20150819 09:34_[2677, 6326, 3144, 1127]
20150819 09:35_[6049, 2881, 4377, 3348]
20150819 09:36_[8340, 1691, 2284, 3363]
20150819 09:37_[2881, 7148, 6487, 2866]
20150819 09:38_[6621, 7767, 9435, 3616]
20150819 09:39_[1051, 9759, 3096, 1185]
20150819 09:40_[8184, 4151, 2874, 4493]
20150819 09:41_[1196, 8520, 3485, 1008]
20150819 09:42_[8650, 4704, 1680, 4198]
20150819 09:43_[4260, 3563, 1774, 9547]
20150819 09:44_[9267, 2954, 2384, 1647]
20150819 09:45_[1990, 3880, 4380, 9434]
20150819 09:46_[5962, 1553, 9791, 8284]
20150819 09:47_[1385, 8088, 9459, 9351]
20150819 09:48_[6858, 2464, 4026, 6358]
20150819 09:49_[2965, 7442, 2752, 9024]
20150819 09:50_[6641, 9651, 9620, 6846]
20150819 09:51_[8634, 5670, 3929, 5960]
20150819 09:52_[9687, 2928, 5591, 4060]
20150819 09:53_[1780, 9401, 6976, 8320]
20150819 09:54_[4879, 1528, 2927, 4801]
20150819 09:55_[3061, 3156, 9252, 7777]
20150819 09:56_[1867, 9568, 2754, 4829]
20150819 09:57_[7206, 9656, 4330, 8866]
20150819 09:58_[7511, 7060, 3601, 9962]
20150819 09:59_[7020, 9916, 6325, 4613]
20150819 10:00_[3845, 7987, 4800, 5237]
20150819 10:01_[1607, 6876, 9354, 1566]
20150819 10:02_[6605, 5619, 7026, 5613]
20150819 10:03_[5184, 1077, 5640, 1390]
20150819 10:04_[6589, 3131, 2280, 5591]
20150819 10:05_[6070, 1736, 4160, 6828]
20150819 10:06_[9050, 2063, 9198, 4828]
20150819 10:07_[9434, 7306, 1556, 9804]
20150819 10:08_[6739, 5268, 2702, 9280]
20150819 10:09_[9161, 7568, 8511, 4194]
20150819 10:10_[7861, 1038, 6629, 2947]
20150819 10:11_[1359, 3572, 3177, 3406]
20150819 10:12_[4032, 3999, 7988, 9587]
20150819 10:13_[6807, 2956, 5573, 2493]
20150819 10:14_[3083, 6522, 6638, 3127]
20150819 10:15_[4836, 8661, 9874, 1540]
20150819 10:16_[9624, 1481, 9621, 7920]
20150819 10:17_[9874, 8745, 1506, 4225]
20150819 10:18_[6732, 3427, 1741, 9055]
20150819 10:19_[4493, 2837, 7759, 8578]
20150819 10:20_[6297, 5873, 1537, 5245]
20150819 10:21_[1259, 7456, 1167, 4753]
20150819 10:22_[8385, 3875, 9660, 9175]
20150819 10:23_[9661, 9297, 3624, 3067]
20150819 10:24_[7249, 2892, 8571, 7544]
20150819 10:25_[8649, 9500, 4657, 9899]
20150819 10:26_[4513, 7654, 1205, 2968]
20150819 10:27_[9240, 8569, 5013, 9841]
20150819 10:28_[4721, 4870, 1874, 7944]
20150819 10:29_[7451, 9938, 6367, 3328]
20150819 10:30_[4549, 1899, 8423, 8368]
20150819 10:31_[5290, 1906, 3445, 6067]
20150819 10:32_[2823, 1768, 1346, 9072]
20150819 10:33_[3386, 6901, 7243, 7750]
20150819 10:34_[6911, 7931, 5364, 2424]
20150819 10:35_[2626, 1544, 9926, 9668]
20150819 10:36_[2633, 8484, 5538, 6384]
20150819 10:37_[8420, 5852, 5544, 4150]
20150819 10:38_[5726, 2869, 4431, 3428]
20150819 10:39_[3620, 3890, 5623, 7987]
20150819 10:40_[6848, 8955, 3342, 9332]
20150819 10:41_[4710, 8528, 9463, 1390]
20150819 10:42_[2203, 9517, 4237, 3146]
20150819 10:43_[2222, 8046, 6880, 6456]
20150819 10:44_[5564, 9058, 5933, 8579]
20150819 10:45_[1553, 3521, 5511, 4003]
20150819 10:46_[7549, 3373, 4573, 4625]
20150819 10:47_[1394, 6328, 9369, 8045]
20150819 10:48_[7038, 8815, 6589, 1869]
20150819 10:49_[1071, 4193, 4296, 3782]
20150819 10:50_[9414, 8081, 9400, 7784]
20150819 10:51_[2893, 7020, 9364, 9885]
20150819 10:52_[9269, 7058, 9529, 9901]
20150819 10:53_[9695, 8957, 2070, 7663]
20150819 10:54_[2267, 5416, 4348, 7038]
20150819 10:55_[6715, 7846, 3387, 8322]
20150819 10:56_[3854, 2453, 3119, 6561]
20150819 10:57_[9777, 1916, 4298, 4373]
20150819 10:58_[7857, 4369, 2273, 7577]
20150819 10:59_[8740, 8652, 1973, 5474]
20150819 11:00_[9456, 7198, 5203, 6395]
20150819 11:01_[9991, 7472, 6632, 2412]
20150819 11:02_[8685, 7504, 7463, 9736]
20150819 11:03_[1364, 8543, 7077, 3738]
20150819 11:04_[9421, 4223, 3746, 2845]
20150819 11:05_[8351, 4561, 8210, 2794]
20150819 11:06_[2044, 7822, 8507, 7514]
20150819 11:07_[4961, 6153, 1871, 3385]
20150819 11:08_[3819, 6466, 2481, 7077]
20150819 11:09_[5982, 1697, 2842, 2851]
20150819 11:10_[2462, 6823, 8310, 7939]
20150819 11:11_[2406, 3668, 2170, 3921]
20150819 11:12_[3444, 6048, 1238, 5164]
20150819 11:13_[3987, 2637, 9942, 1332]
20150819 11:14_[6938, 8218, 6826, 3659]
20150819 11:15_[6194, 9730, 2630, 7423]
20150819 11:16_[5480, 7298, 9788, 8526]
20150819 11:17_[3554, 3427, 6880, 4172]
20150819 11:18_[2613, 1337, 5600, 9482]
20150819 11:19_[4776, 8782, 5212, 7225]
20150819 11:20_[1883, 8100, 8027, 8987]
20150819 11:21_[2120, 3167, 2451, 9773]
20150819 11:22_[5692, 4287, 3259, 8729]
20150819 11:23_[8362, 5778, 2008, 9732]
20150819 11:24_[8609, 9717, 2135, 3713]
20150819 11:25_[6445, 7037, 4072, 9078]
20150819 11:26_[8496, 7887, 4769, 2332]
20150819 11:27_[8606, 9015, 1307, 4036]
20150819 11:28_[1694, 7503, 6081, 6719]
20150819 11:29_[6272, 3790, 4690, 4528]
20150819 11:30_[8465, 7021, 1843, 8855]
20150819 11:31_[1723, 8938, 6518, 3011]
20150819 11:32_[6876, 7148, 6684, 1644]
20150819 11:33_[8401, 1688, 3764, 9834]
20150819 11:34_[8579, 2442, 2846, 7860]
20150819 11:35_[2434, 6282, 2401, 7975]
20150819 11:36_[8189, 7135, 2225, 7770]
20150819 11:37_[6739, 3364, 3742, 7321]
20150819 11:38_[1449, 2635, 1309, 6856]
20150819 11:39_[5334, 6435, 4588, 7695]
20150819 11:40_[5920, 7080, 1310, 3823]
20150819 11:41_[4990, 6955, 9675, 6602]
20150819 11:42_[4899, 3086, 7278, 7853]
20150819 11:43_[1496, 6042, 8258, 7122]
20150819 11:44_[2602, 6263, 4124, 2078]
20150819 11:45_[4204, 9068, 1898, 8441]
20150819 11:46_[8911, 8982, 3008, 7620]
20150819 11:47_[5365, 3263, 1045, 5181]
20150819 11:48_[3125, 8930, 9010, 5796]
20150819 11:49_[8953, 2921, 4038, 2315]
20150819 11:50_[7480, 6332, 7752, 3932]
20150819 11:51_[4152, 2083, 8875, 6383]
20150819 11:52_[1644, 1991, 7741, 9241]
20150819 11:53_[3326, 2375, 3870, 1596]
20150819 11:54_[6954, 6819, 7748, 1691]
20150819 11:55_[6099, 3894, 4683, 1751]
20150819 11:56_[5783, 4388, 2746, 5353]
20150819 11:57_[5368, 4773, 1087, 5328]
20150819 11:58_[5042, 9069, 3023, 3484]
20150819 11:59_[3805, 3267, 6292, 2314]
20150819 12:00_[2782, 8818, 8514, 7639]
20150819 12:01_[5117, 4055, 4345, 2197]
20150819 12:02_[8691, 5249, 3092, 1193]
20150819 12:03_[2668, 6182, 5812, 9921]
20150819 12:04_[3822, 4001, 9103, 8602]
20150819 12:05_[5864, 3895, 2459, 9782]
20150819 12:06_[6701, 8824, 6144, 1625]
20150819 12:07_[2386, 8217, 6878, 1663]
20150819 12:08_[7721, 3776, 5679, 4063]
20150819 12:09_[6139, 6299, 3063, 7770]
20150819 12:10_[2351, 3586, 8202, 2910]
20150819 12:11_[1249, 3259, 5456, 2224]
20150819 12:12_[1306, 1091, 4632, 1694]
20150819 12:13_[3385, 1695, 1005, 8275]
20150819 12:14_[3189, 5353, 8776, 4828]
20150819 12:15_[5288, 1944, 2944, 7647]
20150819 12:16_[4998, 9193, 6737, 7163]
20150819 12:17_[3859, 2760, 3501, 8354]
20150819 12:18_[1308, 3411, 3731, 8838]
20150819 12:19_[2212, 8416, 6342, 5732]
20150819 12:20_[5956, 4541, 8171, 5168]
20150819 12:21_[6177, 5526, 2090, 9230]
20150819 12:22_[6517, 9149, 8034, 4321]
20150819 12:23_[6308, 5155, 2168, 8372]
20150819 12:24_[9894, 2507, 1930, 5750]
20150819 12:25_[9917, 7799, 4454, 5784]
20150819 12:26_[5676, 4784, 5741, 4922]
20150819 12:27_[2386, 1898, 5962, 8061]
20150819 12:28_[3329, 5237, 1308, 5635]
20150819 12:29_[6156, 5244, 2569, 2466]
20150819 12:30_[7919, 8932, 1284, 4197]
20150819 12:31_[7551, 7786, 6898, 7422]
20150819 12:32_[2477, 8368, 4044, 9095]
20150819 12:33_[7907, 4940, 7094, 3711]
20150819 12:34_[1183, 5334, 3402, 1263]
20150819 12:35_[1664, 1501, 3148, 1882]
20150819 12:36_[5636, 7709, 9803, 5489]
20150819 12:37_[7112, 2406, 3411, 3483]
20150819 12:38_[9319, 9037, 8098, 9511]
20150819 12:39_[6063, 1558, 2654, 9379]
20150819 12:40_[2944, 8878, 2615, 1159]
20150819 12:41_[4182, 7492, 8404, 6225]
20150819 12:42_[7401, 5309, 2858, 7314]
20150819 12:43_[8799, 5375, 2974, 4486]
20150819 12:44_[9102, 1038, 8666, 2536]
20150819 12:45_[6295, 9139, 5346, 1270]
20150819 12:46_[9725, 6167, 1808, 9519]
20150819 12:47_[6128, 3870, 6031, 2226]
20150819 12:48_[3873, 4673, 6010, 6729]
20150819 12:49_[3427, 1551, 3753, 4650]
20150819 12:50_[6034, 6569, 5760, 2002]
20150819 12:51_[9210, 9220, 2684, 5614]
20150819 12:52_[6397, 4667, 9579, 8414]
20150819 12:53_[9197, 9193, 1731, 9131]
20150819 12:54_[5397, 3366, 6271, 2124]
20150819 12:55_[3175, 9760, 8505, 5139]
20150819 12:56_[5626, 2474, 2442, 7247]
20150819 12:57_[2498, 3828, 1276, 3184]
20150819 12:58_[5738, 3352, 9289, 9781]
20150819 12:59_[5432, 2206, 5494, 9035]
20150819 13:00_[5649, 5873, 8274, 4506]
20150819 13:01_[3809, 2939, 9012, 3964]
20150819 13:02_[1429, 7816, 8892, 4456]
20150819 13:03_[5820, 8278, 1518, 9822]
20150819 13:04_[3541, 5587, 6325, 7770]
20150819 13:05_[3512, 6254, 4663, 8489]
20150819 13:06_[1975, 7271, 9196, 7259]
20150819 13:07_[4486, 5480, 9585, 4376]
20150819 13:08_[5604, 7605, 6647, 9269]
20150819 13:09_[7822, 8681, 2557, 3476]
20150819 13:10_[3207, 1550, 8666, 7899]
20150819 13:11_[4054, 2752, 8044, 2702]
20150819 13:12_[7378, 3177, 1150, 1520]
20150819 13:13_[8673, 5203, 1397, 5410]
20150819 13:14_[8143, 9914, 5012, 3270]
20150819 13:15_[1782, 6052, 1804, 4892]
20150819 13:16_[3590, 7527, 3000, 7649]
20150819 13:17_[6863, 4347, 7748, 9642]
20150819 13:18_[8094, 1177, 2647, 8485]
20150819 13:19_[2663, 9098, 8289, 5449]
20150819 13:20_[5173, 3264, 3612, 5230]
20150819 13:21_[1740, 1610, 8509, 8626]
20150819 13:22_[6646, 8075, 9650, 5351]
20150819 13:23_[4873, 6013, 6762, 9622]
20150819 13:24_[6490, 9154, 5754, 1103]
20150819 13:25_[9384, 4469, 4423, 4180]
20150819 13:26_[7118, 2904, 7223, 8021]
20150819 13:27_[5273, 4058, 6043, 6555]
20150819 13:28_[1950, 2225, 8752, 3131]
20150819 13:29_[1519, 2292, 8916, 3027]
20150819 13:30_[8718, 5412, 3947, 2567]
20150819 13:31_[7941, 5769, 6216, 6756]
20150819 13:32_[2537, 7599, 8955, 2665]
20150819 13:33_[5288, 9136, 9202, 4043]
20150819 13:34_[5437, 9617, 5109, 4568]
20150819 13:35_[8875, 1569, 8980, 7874]
20150819 13:36_[5162, 5678, 8844, 7447]
20150819 13:37_[7969, 8832, 4125, 2255]
20150819 13:38_[1552, 8796, 7583, 7611]
20150819 13:39_[8480, 6072, 4698, 4005]
20150819 13:40_[5895, 4915, 5073, 2921]
20150819 13:41_[6544, 7454, 6925, 9638]
20150819 13:42_[6989, 8299, 5225, 1942]
20150819 13:43_[2683, 1881, 1877, 4036]
20150819 13:44_[8753, 3404, 9272, 6724]
20150819 13:45_[6478, 2936, 5841, 1965]
20150819 13:46_[6980, 6948, 2451, 6949]
20150819 13:47_[1553, 3576, 3382, 7769]
20150819 13:48_[8467, 2467, 7885, 8965]
20150819 13:49_[3555, 8801, 3802, 2289]
20150819 13:50_[2269, 3667, 3981, 7221]
20150819 13:51_[8910, 7376, 8212, 3794]
20150819 13:52_[7516, 9045, 8356, 5712]
20150819 13:53_[5213, 6962, 8555, 5986]
20150819 13:54_[9690, 7647, 6768, 4095]
20150819 13:55_[1280, 8153, 3866, 6874]
20150819 13:56_[2611, 6843, 3508, 8518]
20150819 13:57_[6649, 7656, 9837, 4744]
20150819 13:58_[8449, 3792, 4636, 5352]
20150819 13:59_[1472, 2129, 2523, 1420]
20150819 14:00_[1101, 5453, 5830, 2120]
20150819 14:01_[6110, 8157, 7024, 6636]
20150819 14:02_[3157, 4393, 7186, 9912]
20150819 14:03_[6808, 3399, 1314, 5977]
20150819 14:04_[8629, 7100, 4766, 4852]
20150819 14:05_[7714, 3900, 9141, 9871]
20150819 14:06_[1280, 3715, 9768, 1414]
20150819 14:07_[6449, 2414, 2347, 1359]
20150819 14:08_[9698, 3618, 5884, 2583]
20150819 14:09_[1465, 2361, 5998, 4004]
20150819 14:10_[3678, 2087, 7967, 4561]
20150819 14:11_[5589, 2359, 8785, 9879]
20150819 14:12_[6122, 7216, 2086, 9566]
20150819 14:13_[2049, 5214, 9389, 8716]
20150819 14:14_[5063, 8004, 8912, 2453]
20150819 14:15_[3325, 9603, 4053, 5181]
20150819 14:16_[4602, 3063, 5208, 4326]
20150819 14:17_[2215, 5175, 8734, 8480]
20150819 14:18_[3323, 9989, 4401, 5557]
20150819 14:19_[1169, 3525, 9405, 9825]
20150819 14:20_[9133, 7260, 1567, 1163]
20150819 14:21_[8869, 2990, 3076, 8597]
20150819 14:22_[4014, 5656, 7463, 1767]
20150819 14:23_[2849, 1196, 1563, 2938]
20150819 14:24_[1711, 2043, 9813, 8217]
20150819 14:25_[3264, 4144, 1760, 7879]
20150819 14:26_[3750, 9701, 2538, 1382]
20150819 14:27_[8058, 4155, 3142, 8459]
20150819 14:28_[3782, 2570, 2846, 8427]
20150819 14:29_[6797, 8623, 2415, 6106]
20150819 14:30_[2267, 1869, 6729, 6818]
20150819 14:31_[8254, 4904, 9270, 3647]
20150819 14:32_[9653, 2341, 8692, 8067]
20150819 14:33_[1248, 4523, 8854, 1646]
20150819 14:34_[6690, 7735, 4371, 3105]
20150819 14:35_[1719, 9081, 5617, 5195]
20150819 14:36_[5209, 3801, 3813, 5361]
20150819 14:37_[4178, 8910, 4465, 2983]
20150819 14:38_[6716, 3734, 7635, 2658]
20150819 14:39_[1974, 1615, 1261, 5262]
20150819 14:40_[3989, 5559, 9147, 7277]
20150819 14:41_[6060, 9863, 5060, 6290]
20150819 14:42_[4029, 7602, 3049, 5951]
20150819 14:43_[2544, 9893, 7645, 4939]
20150819 14:44_[4871, 8218, 9501, 9345]
20150819 14:45_[5465, 9444, 4284, 5093]
20150819 14:46_[5777, 8523, 5350, 5552]
20150819 14:47_[6383, 6421, 9504, 5222]
20150819 14:48_[4662, 4795, 2591, 8930]
20150819 14:49_[5650, 3268, 4660, 5696]
20150819 14:50_[2930, 2444, 5734, 1842]
20150819 14:51_[3249, 6557, 1167, 8160]
20150819 14:52_[7657, 9630, 6713, 9048]
20150819 14:53_[6109, 1032, 4476, 5397]
20150819 14:54_[8910, 6900, 1057, 2042]
20150819 14:55_[3508, 7829, 9214, 9463]
20150819 14:56_[1508, 4571, 2334, 5947]
20150819 14:57_[5618, 5240, 2626, 1080]
20150819 14:58_[7306, 2233, 9338, 5912]
20150819 14:59_[5244, 8974, 1837, 8018]
20150819 15:00_[3002, 2536, 8669, 6623]
20150819 15:01_[5084, 3876, 9297, 4675]
20150819 15:02_[8250, 3604, 9676, 1208]
20150819 15:03_[6488, 6803, 6479, 7237]
20150819 15:04_[4605, 8047, 8773, 4572]
20150819 15:05_[3826, 5907, 6300, 4454]
20150819 15:06_[1755, 9698, 7068, 8046]
20150819 15:07_[2480, 7498, 3990, 7351]
20150819 15:08_[4787, 8595, 5690, 1517]
20150819 15:09_[1238, 3383, 6437, 8009]
20150819 15:10_[1195, 9652, 2904, 9878]
20150819 15:11_[7710, 5726, 1898, 7489]
20150819 15:12_[4461, 6030, 9163, 4703]
20150819 15:13_[4975, 8745, 1809, 8973]
20150819 15:14_[2833, 6379, 6272, 4671]
20150819 15:15_[2118, 1892, 9755, 6078]
20150819 15:16_[3853, 8412, 5140, 8454]
20150819 15:17_[4551, 9203, 1391, 4563]
20150819 15:18_[7999, 4080, 8703, 4395]
20150819 15:19_[3178, 8835, 6532, 6740]
20150819 15:20_[4773, 2572, 1025, 6666]
20150819 15:21_[9369, 6700, 8617, 7220]
20150819 15:22_[4272, 5083, 3958, 4347]
20150819 15:23_[3223, 6838, 9924, 5990]
20150819 15:24_[3562, 2845, 6443, 2004]
20150819 15:25_[9835, 5980, 1758, 4300]
20150819 15:26_[3430, 5725, 6941, 7765]
20150819 15:27_[4457, 6188, 2223, 1356]
20150819 15:28_[1199, 9067, 8022, 9570]
20150819 15:29_[5000, 8447, 5203, 3261]
20150819 15:30_[6767, 8338, 2895, 9843]
20150819 15:31_[5614, 7667, 9171, 7413]
20150819 15:32_[9204, 5108, 5045, 9013]
20150819 15:33_[5783, 9902, 5682, 7155]
20150819 15:34_[2596, 4266, 8823, 6894]
20150819 15:35_[7950, 5664, 3248, 9905]
20150819 15:36_[8423, 6696, 2048, 9773]
20150819 15:37_[4413, 9473, 6508, 1130]
20150819 15:38_[2744, 1118, 8332, 5284]
20150819 15:39_[6267, 5390, 3157, 4910]
20150819 15:40_[2068, 5857, 1009, 2800]
20150819 15:41_[9698, 5538, 7304, 9211]
20150819 15:42_[7592, 1560, 2098, 6669]
20150819 15:43_[6647, 5155, 1736, 9360]
20150819 15:44_[7858, 1020, 3940, 1531]
20150819 15:45_[8903, 8606, 5496, 7162]
20150819 15:46_[1691, 8273, 6241, 5409]
20150819 15:47_[1831, 9969, 3403, 3788]
20150819 15:48_[1776, 6376, 8297, 8589]
20150819 15:49_[5282, 2548, 5169, 7369]
20150819 15:50_[5178, 3595, 6829, 9659]
20150819 15:51_[5964, 6235, 7472, 2181]
20150819 15:52_[7989, 3827, 2704, 1993]
20150819 15:53_[9892, 3116, 4783, 4802]
20150819 15:54_[3448, 3999, 2566, 6670]
20150819 15:55_[4911, 7805, 5874, 4779]
20150819 15:56_[8552, 8084, 7303, 6232]
20150819 15:57_[9997, 1977, 4555, 5873]
20150819 15:58_[8500, 1749, 1899, 8413]
20150819 15:59_[5652, 6223, 3485, 5917]
20150819 16:00_[7736, 9464, 5634, 6122]
20150819 16:01_[9093, 3240, 9304, 3842]
20150819 16:02_[5113, 4847, 4260, 1106]
20150819 16:03_[9298, 9219, 8643, 1367]
20150819 16:04_[9925, 9232, 1055, 4382]
20150819 16:05_[7809, 6531, 8002, 7446]
20150819 16:06_[8525, 4986, 3971, 6499]
20150819 16:07_[2464, 3159, 5740, 5589]
20150819 16:08_[7315, 9061, 3971, 6941]
20150819 16:09_[3902, 4207, 3158, 5223]
20150819 16:10_[4991, 8218, 7768, 2249]
20150819 16:11_[5645, 4544, 2459, 2493]
20150819 16:12_[5487, 3341, 4887, 5014]
20150819 16:13_[6959, 8088, 5679, 5545]
20150819 16:14_[3867, 7697, 9282, 7070]
20150819 16:15_[4493, 6966, 3452, 6301]
20150819 16:16_[8790, 3944, 5209, 2236]
20150819 16:17_[9760, 7644, 3731, 1460]
20150819 16:18_[7461, 5997, 7386, 9095]
20150819 16:19_[3165, 1432, 2119, 1297]
20150819 16:20_[7713, 8873, 2715, 1108]
20150819 16:21_[1984, 8929, 2012, 2446]
20150819 16:22_[9521, 4222, 9266, 9333]
20150819 16:23_[5892, 7859, 9867, 7970]
20150819 16:24_[7420, 9980, 5467, 7558]
20150819 16:25_[6089, 6461, 1857, 9529]
20150819 16:26_[2183, 6255, 1254, 7128]
20150819 16:27_[8375, 7806, 9143, 9739]
20150819 16:28_[9196, 5946, 8548, 8033]
20150819 16:29_[8258, 8326, 8016, 9342]
20150819 16:30_[4781, 4493, 6571, 8175]
20150819 16:31_[3318, 9297, 2995, 5506]
20150819 16:32_[3150, 4153, 3609, 6983]
20150819 16:33_[5321, 9309, 8800, 6000]
20150819 16:34_[6313, 8110, 9453, 1135]
20150819 16:35_[9741, 9319, 1918, 7982]
20150819 16:36_[3429, 2905, 7163, 4844]
20150819 16:37_[8765, 4754, 2212, 5106]
20150819 16:38_[1462, 4179, 2223, 4589]
20150819 16:39_[2837, 9068, 7672, 2163]
20150819 16:40_[9747, 1426, 3118, 2016]
20150819 16:41_[9052, 5540, 8553, 2059]
20150819 16:42_[4939, 1280, 1154, 8137]
20150819 16:43_[2384, 8094, 6975, 3126]
20150819 16:44_[3049, 2371, 4336, 8713]
20150819 16:45_[2710, 1620, 5870, 9690]
20150819 16:46_[3652, 5525, 3993, 9542]
20150819 16:47_[8826, 3131, 7988, 1780]
20150819 16:48_[6607, 2380, 4707, 4386]
20150819 16:49_[9952, 6638, 2893, 7438]
20150819 16:50_[5291, 4967, 2178, 1049]
20150819 16:51_[6388, 4033, 7019, 9078]
20150819 16:52_[3632, 9116, 7386, 9570]
20150819 16:53_[6843, 5875, 9684, 5642]
20150819 16:54_[6021, 7922, 8602, 9453]
20150819 16:55_[7646, 9777, 5505, 6211]
20150819 16:56_[8636, 2175, 2998, 6124]
20150819 16:57_[8569, 8171, 3492, 4085]
20150819 16:58_[3101, 5512, 1077, 7107]
20150819 16:59_[6910, 2788, 3144, 9514]
20150819 17:00_[8825, 4845, 3757, 3563]
20150819 17:01_[2859, 4540, 7389, 4041]
20150819 17:02_[2344, 6015, 1308, 3636]
20150819 17:03_[1954, 9016, 8516, 5198]
20150819 17:04_[3416, 9172, 5107, 7818]
20150819 17:05_[4477, 2959, 2784, 7167]
20150819 17:06_[3655, 2330, 1712, 6473]
20150819 17:07_[1794, 2584, 2702, 4533]
20150819 17:08_[1482, 1762, 4627, 8334]
20150819 17:09_[6465, 5661, 9061, 2683]
20150819 17:10_[8552, 8771, 7395, 4230]
20150819 17:11_[9725, 4889, 3916, 3894]
20150819 17:12_[4486, 2398, 9760, 8020]
20150819 17:13_[9952, 8751, 4045, 1391]
20150819 17:14_[4016, 5902, 9463, 5393]
20150819 17:15_[5876, 5460, 6069, 4104]
20150819 17:16_[7989, 5763, 7802, 3184]
20150819 17:17_[9498, 2623, 1722, 3697]
20150819 17:18_[2596, 9490, 3424, 6442]
20150819 17:19_[1205, 5586, 3536, 1316]
20150819 17:20_[7232, 4670, 2822, 5911]
20150819 17:21_[5253, 1657, 4373, 9956]
20150819 17:22_[8666, 7567, 6424, 3644]
20150819 17:23_[5887, 7783, 2116, 9752]
20150819 17:24_[7118, 7741, 4437, 3880]
20150819 17:25_[9111, 1661, 1188, 1399]
20150819 17:26_[3455, 8645, 6239, 4587]
20150819 17:27_[4930, 4271, 3502, 9250]
20150819 17:28_[9424, 7522, 5036, 9058]
20150819 17:29_[3060, 7289, 6611, 9335]
20150819 17:30_[6733, 3380, 2676, 9402]
20150819 17:31_[7310, 3161, 6090, 7668]
20150819 17:32_[8546, 1390, 1668, 1869]
20150819 17:33_[5678, 4061, 2306, 1012]
20150819 17:34_[3719, 4119, 5591, 5429]
20150819 17:35_[3166, 5977, 8744, 5986]
20150819 17:36_[1770, 3438, 6778, 4727]
20150819 17:37_[8346, 9533, 6471, 4763]
20150819 17:38_[3887, 1827, 7721, 6138]
20150819 17:39_[7231, 4089, 3625, 8622]
20150819 17:40_[8295, 6353, 4885, 8535]
20150819 17:41_[1149, 6728, 5419, 3335]
20150819 17:42_[4720, 2263, 9336, 9914]
20150819 17:43_[1119, 6905, 2894, 4320]
20150819 17:44_[9629, 2661, 8141, 2792]
20150819 17:45_[1506, 3967, 1200, 5274]
20150819 17:46_[6655, 4800, 7571, 3751]
20150819 17:47_[5122, 3019, 7434, 3034]
20150819 17:48_[9440, 1284, 8570, 1314]
20150819 17:49_[3317, 8602, 1817, 1689]
20150819 17:50_[1732, 4663, 1785, 8900]
20150819 17:51_[8766, 7194, 6772, 7053]
20150819 17:52_[3785, 1945, 8060, 5453]
20150819 17:53_[6449, 1818, 8502, 9423]
20150819 17:54_[6738, 3310, 2786, 3135]
20150819 17:55_[2801, 3250, 6803, 4982]
20150819 17:56_[8780, 4462, 3667, 5432]
20150819 17:57_[3490, 7942, 1406, 8250]
20150819 17:58_[5211, 8773, 2981, 1730]
20150819 17:59_[4194, 8435, 6500, 6442]
20150819 18:00_[6039, 2827, 5327, 1386]
20150819 18:01_[5927, 5385, 9437, 9420]
20150819 18:02_[8271, 4716, 9295, 2501]
20150819 18:03_[7058, 8595, 2780, 2912]
20150819 18:04_[2708, 5872, 8980, 1444]
20150819 18:05_[4857, 7432, 8795, 4557]
20150819 18:06_[3875, 9970, 7586, 9811]
20150819 18:07_[8485, 1307, 2395, 8253]
20150819 18:08_[9236, 6690, 2160, 8304]
20150819 18:09_[6681, 6441, 8655, 1274]
20150819 18:10_[9180, 5153, 1675, 5672]
20150819 18:11_[7557, 3855, 4607, 2267]
20150819 18:12_[1134, 9851, 5138, 1859]
20150819 18:13_[2831, 1906, 2600, 6791]
20150819 18:14_[3596, 4963, 2377, 1271]
20150819 18:15_[8187, 4936, 8723, 4914]
20150819 18:16_[8001, 3896, 8367, 3037]
20150819 18:17_[1053, 7694, 8985, 6636]
20150819 18:18_[9805, 8543, 8252, 7156]
20150819 18:19_[5631, 6752, 7184, 7360]
20150819 18:20_[9488, 2226, 5580, 3306]
20150819 18:21_[5225, 8421, 7593, 1157]
20150819 18:22_[6710, 5471, 2389, 6702]
20150819 18:23_[3978, 9609, 3013, 9871]
20150819 18:24_[7719, 2289, 7014, 8850]
20150819 18:25_[4153, 4418, 1212, 1473]
20150819 18:26_[8427, 3624, 2042, 8829]
20150819 18:27_[3758, 4076, 7703, 9155]
20150819 18:28_[9250, 9543, 6142, 7424]
20150819 18:29_[5259, 8567, 8558, 7654]
20150819 18:30_[7237, 6930, 4016, 2423]
20150819 18:31_[3418, 6405, 5729, 4709]
20150819 18:32_[7485, 4718, 2977, 4383]
20150819 18:33_[6161, 7387, 3582, 6658]
20150819 18:34_[6007, 2104, 5615, 7010]
20150819 18:35_[7175, 4426, 7415, 4858]
20150819 18:36_[8068, 8057, 2651, 5922]
20150819 18:37_[4515, 6387, 3651, 6042]
20150819 18:38_[6978, 5175, 2537, 1217]
20150819 18:39_[4864, 1156, 9629, 6642]
20150819 18:40_[1641, 2945, 6392, 7997]
20150819 18:41_[6999, 6518, 1651, 6880]
20150819 18:42_[5556, 8681, 7512, 2046]
20150819 18:43_[2288, 6200, 3434, 7118]
20150819 18:44_[2497, 2070, 6565, 1461]
20150819 18:45_[5694, 3290, 7223, 4468]
20150819 18:46_[6698, 5998, 1176, 6549]
20150819 18:47_[9139, 6103, 3623, 6987]
20150819 18:48_[5824, 6519, 6071, 3952]
20150819 18:49_[3682, 2160, 8099, 4758]
20150819 18:50_[8717, 2354, 5849, 4196]
20150819 18:51_[3313, 8185, 8368, 1973]
20150819 18:52_[7850, 1675, 8244, 6265]
20150819 18:53_[5976, 7928, 9516, 4042]
20150819 18:54_[1202, 5869, 1722, 4207]
20150819 18:55_[5256, 4577, 8239, 5866]
20150819 18:56_[3186, 8642, 4822, 3403]
20150819 18:57_[5799, 8799, 8646, 3498]
20150819 18:58_[9386, 6817, 4820, 8629]
20150819 18:59_[8067, 8083, 2836, 1278]
20150819 19:00_[9162, 8740, 4468, 9563]
20150819 19:01_[7100, 4105, 4020, 7568]
20150819 19:02_[1471, 5376, 3617, 4033]
20150819 19:03_[4287, 9085, 9785, 9467]
20150819 19:04_[1167, 2167, 5015, 4247]
20150819 19:05_[8309, 9343, 6947, 7451]
20150819 19:06_[8238, 9550, 9216, 7276]
20150819 19:07_[2279, 3961, 4282, 7985]
20150819 19:08_[1196, 6723, 9364, 8789]
20150819 19:09_[2079, 6263, 2243, 6246]
20150819 19:10_[9439, 4311, 4172, 8487]
20150819 19:11_[7596, 9695, 4756, 4571]
20150819 19:12_[3610, 7451, 6299, 8392]
20150819 19:13_[4444, 7193, 7228, 9784]
20150819 19:14_[2349, 6778, 8200, 6074]
20150819 19:15_[2174, 7315, 9730, 9517]
20150819 19:16_[9617, 4287, 7948, 7668]
20150819 19:17_[7023, 2372, 7820, 4064]
20150819 19:18_[8556, 2308, 8390, 9466]
20150819 19:19_[3124, 4900, 8193, 9047]
20150819 19:20_[6487, 7059, 1709, 4411]
20150819 19:21_[1915, 9323, 7965, 4533]
20150819 19:22_[2391, 9140, 5445, 4916]
20150819 19:23_[8938, 8540, 3537, 6601]
20150819 19:24_[4762, 1057, 2331, 6656]
20150819 19:25_[9208, 2999, 3400, 8390]
20150819 19:26_[7027, 6855, 7183, 1459]
20150819 19:27_[2806, 3675, 5638, 8661]
20150819 19:28_[7635, 9056, 3512, 4942]
20150819 19:29_[4725, 5648, 8275, 9311]
20150819 19:30_[2838, 9161, 3395, 1692]
20150819 19:31_[7350, 5107, 3755, 7356]
20150819 19:32_[9258, 1867, 2867, 6476]
20150819 19:33_[7864, 5176, 7906, 6878]
20150819 19:34_[8249, 5043, 3603, 7268]
20150819 19:35_[8190, 8214, 3107, 2269]
20150819 19:36_[2452, 7336, 5686, 9510]
20150819 19:37_[5293, 6310, 1419, 1496]
20150819 19:38_[4458, 6249, 3944, 3747]
20150819 19:39_[6107, 1416, 2567, 3299]
20150819 19:40_[2343, 8442, 4794, 3735]
20150819 19:41_[3273, 4476, 3020, 1074]
20150819 19:42_[6297, 3066, 8311, 1323]
20150819 19:43_[7563, 5113, 9164, 9228]
20150819 19:44_[6151, 6496, 2133, 3276]
20150819 19:45_[7582, 4084, 3252, 6886]
20150819 19:46_[8470, 2139, 4003, 3405]
20150819 19:47_[8388, 7277, 3905, 4493]
20150819 19:48_[2999, 1305, 6391, 4373]
20150819 19:49_[5268, 7802, 2658, 2740]
20150819 19:50_[4301, 1438, 6574, 6704]
20150819 19:51_[1538, 7950, 5319, 2504]
20150819 19:52_[6263, 3372, 6452, 1083]
20150819 19:53_[1107, 7031, 1826, 7083]
20150819 19:54_[5644, 8938, 1498, 9599]
20150819 19:55_[5674, 3713, 6056, 3680]
20150819 19:56_[4635, 9768, 7758, 2779]
20150819 19:57_[3102, 1947, 9281, 2414]
20150819 19:58_[1098, 1283, 1127, 4939]
20150819 19:59_[8157, 2981, 1532, 9098]
20150819 20:00_[5910, 9519, 2670, 9059]
20150819 20:01_[2254, 2074, 5481, 2610]
20150819 20:02_[6324, 5475, 8844, 7530]
20150819 20:03_[8067, 7500, 4661, 7154]
20150819 20:04_[1646, 2582, 7193, 1364]
20150819 20:05_[5545, 4784, 3283, 4733]
20150819 20:06_[4106, 5741, 4545, 2238]
20150819 20:07_[9773, 7054, 8774, 4436]
20150819 20:08_[1965, 8483, 4530, 7161]
20150819 20:09_[9405, 4670, 7635, 4533]
20150819 20:10_[9285, 3339, 3116, 9248]
20150819 20:11_[2146, 7284, 6366, 9708]
20150819 20:12_[5500, 8646, 4228, 2959]
20150819 20:13_[3022, 8296, 9730, 3323]
20150819 20:14_[3282, 3761, 5247, 8176]
20150819 20:15_[5965, 3689, 7704, 1988]
20150819 20:16_[5071, 5204, 6875, 7306]
20150819 20:17_[6120, 6375, 9191, 8353]
20150819 20:18_[2015, 5524, 5266, 4585]
20150819 20:19_[5941, 5911, 5676, 3410]
20150819 20:20_[2748, 5772, 2487, 7938]
20150819 20:21_[9073, 3504, 6856, 4861]
20150819 20:22_[9139, 1288, 9465, 7444]
20150819 20:23_[7768, 4914, 7009, 8107]
20150819 20:24_[1712, 9387, 7784, 5319]
20150819 20:25_[1538, 3570, 8336, 6508]
20150819 20:26_[4809, 3557, 7539, 6495]
20150819 20:27_[6078, 4522, 9860, 7352]
20150819 20:28_[6333, 4608, 9223, 4344]
20150819 20:29_[4121, 3623, 5560, 4852]
20150819 20:30_[3441, 7351, 5864, 8818]
20150819 20:31_[1207, 5493, 3555, 5813]
20150819 20:32_[4759, 1787, 4085, 4576]
20150819 20:33_[9697, 9811, 6589, 2498]
20150819 20:34_[6643, 1061, 2725, 7827]
20150819 20:35_[5675, 4696, 5659, 1197]
20150819 20:36_[9710, 8012, 5188, 3642]
20150819 20:37_[7832, 7770, 4030, 8618]
20150819 20:38_[1137, 8627, 9139, 7610]
20150819 20:39_[8315, 6347, 7579, 9354]
20150819 20:40_[7332, 6828, 5993, 8955]
20150819 20:41_[8719, 4230, 4857, 2820]
20150819 20:42_[6923, 6705, 8184, 7450]
20150819 20:43_[9215, 4206, 7091, 1863]
20150819 20:44_[8763, 2543, 7999, 1683]
20150819 20:45_[7146, 9165, 9053, 9831]
20150819 20:46_[1211, 2278, 4571, 3545]
20150819 20:47_[2239, 1256, 9391, 2911]
20150819 20:48_[4493, 6641, 5279, 2749]
20150819 20:49_[8974, 1015, 3805, 2518]
20150819 20:50_[3194, 2457, 7127, 4374]
20150819 20:51_[3128, 2560, 4212, 3272]
20150819 20:52_[3638, 3479, 8974, 7477]
20150819 20:53_[4559, 6602, 4701, 7694]
20150819 20:54_[8849, 5274, 4009, 6427]
20150819 20:55_[6741, 1511, 6992, 5290]
20150819 20:56_[9344, 1001, 8370, 9363]
20150819 20:57_[4408, 9331, 5895, 1035]
20150819 20:58_[9890, 1517, 3065, 6541]
20150819 20:59_[3702, 2964, 7962, 8143]
20150819 21:00_[4623, 1424, 8082, 5826]
20150819 21:01_[4202, 3771, 7576, 9581]
20150819 21:02_[3266, 6829, 4884, 8038]
20150819 21:03_[6875, 4917, 2001, 4467]
20150819 21:04_[3226, 5920, 5561, 9828]
20150819 21:05_[4448, 4270, 6887, 7560]
20150819 21:06_[4288, 1775, 7789, 6427]
20150819 21:07_[8347, 4331, 1478, 9072]
20150819 21:08_[1485, 1025, 7501, 9037]
20150819 21:09_[7357, 5710, 2612, 4359]
20150819 21:10_[4067, 2141, 5040, 8359]
20150819 21:11_[7247, 6847, 5242, 6530]
20150819 21:12_[2941, 9418, 1524, 6487]
20150819 21:13_[9079, 2199, 2032, 6252]
20150819 21:14_[2927, 1949, 7026, 7736]
20150819 21:15_[6666, 3013, 6074, 1138]
20150819 21:16_[9754, 1973, 3546, 8432]
20150819 21:17_[1917, 8122, 9834, 5418]
20150819 21:18_[8795, 6553, 5637, 4264]
20150819 21:19_[5047, 9487, 5306, 8702]
20150819 21:20_[7892, 4092, 7270, 6800]
20150819 21:21_[9309, 5931, 3227, 3560]
20150819 21:22_[6909, 5366, 4539, 7337]
20150819 21:23_[8702, 9139, 6415, 1966]
20150819 21:24_[6814, 4465, 2003, 9210]
20150819 21:25_[7047, 6907, 7424, 3860]
20150819 21:26_[3343, 6250, 3630, 5114]
20150819 21:27_[6470, 8064, 9259, 4643]
20150819 21:28_[5214, 7222, 6217, 8807]
20150819 21:29_[2547, 1989, 5550, 7709]
20150819 21:30_[1925, 6230, 4136, 5574]
20150819 21:31_[9026, 2777, 9354, 4253]
20150819 21:32_[3273, 9048, 4568, 6516]
20150819 21:33_[7953, 2270, 6274, 4900]
20150819 21:34_[7560, 9619, 3701, 2941]
20150819 21:35_[6776, 2878, 5680, 7013]
20150819 21:36_[8445, 9607, 7494, 4639]
20150819 21:37_[8400, 8331, 4666, 4384]
20150819 21:38_[4904, 8047, 7517, 8427]
20150819 21:39_[3744, 4341, 8077, 7403]
20150819 21:40_[4129, 3813, 3759, 4631]
20150819 21:41_[9834, 2466, 9933, 1711]
20150819 21:42_[7304, 2012, 2029, 8245]
20150819 21:43_[7562, 3250, 4699, 3375]
20150819 21:44_[8063, 6682, 4757, 2838]
20150819 21:45_[8595, 6466, 2211, 1349]
20150819 21:46_[5371, 7784, 2149, 3306]
20150819 21:47_[7168, 1314, 8193, 5496]
20150819 21:48_[8296, 6932, 6646, 6291]
20150819 21:49_[2153, 5941, 8404, 4987]
20150819 21:50_[1849, 1106, 1120, 5450]
20150819 21:51_[6647, 7483, 7990, 3910]
20150819 21:52_[9216, 1983, 1077, 1410]
20150819 21:53_[6875, 4913, 8237, 5778]
20150819 21:54_[8713, 7013, 8224, 4387]
20150819 21:55_[8579, 6097, 2344, 2761]
20150819 21:56_[4148, 7785, 6071, 5240]
20150819 21:57_[2400, 2989, 3077, 3133]
20150819 21:58_[5626, 5642, 2488, 6870]
20150819 21:59_[7041, 9926, 8023, 1566]
20150819 22:00_[6182, 7935, 9761, 5263]
20150819 22:01_[8524, 5822, 6297, 8922]
20150819 22:02_[5551, 2225, 6552, 4075]
20150819 22:03_[6494, 9785, 8815, 1152]
20150819 22:04_[6907, 5525, 1255, 7072]
20150819 22:05_[6942, 5905, 3142, 6340]
20150819 22:06_[6781, 3638, 4201, 7295]
20150819 22:07_[6726, 4384, 1705, 6021]
20150819 22:08_[6956, 7010, 4757, 2131]
20150819 22:09_[8486, 2899, 5611, 6407]
20150819 22:10_[1993, 9671, 1112, 3271]
20150819 22:11_[5791, 5973, 4548, 6255]
20150819 22:12_[7415, 7187, 4444, 6914]
20150819 22:13_[6491, 6403, 1232, 1446]
20150819 22:14_[9818, 7662, 5463, 7378]
20150819 22:15_[9682, 1410, 6408, 3881]
20150819 22:16_[2114, 3968, 4662, 2443]
20150819 22:17_[7684, 9439, 6832, 4408]
20150819 22:18_[2404, 6458, 7206, 8630]
20150819 22:19_[1509, 5266, 4618, 4059]
20150819 22:20_[3764, 3190, 7937, 1045]
20150819 22:21_[1928, 2657, 7489, 3990]
20150819 22:22_[9769, 2824, 6023, 2981]
20150819 22:23_[8188, 3076, 4673, 4237]
20150819 22:24_[6596, 8923, 5679, 1434]
20150819 22:25_[1685, 9289, 8108, 4361]
20150819 22:26_[8319, 9283, 2141, 8495]
20150819 22:27_[2376, 1228, 9367, 1977]
20150819 22:28_[1538, 1637, 9611, 7494]
20150819 22:29_[7524, 1309, 6258, 7788]
20150819 22:30_[4448, 7631, 5143, 9731]
20150819 22:31_[5849, 5349, 1283, 2225]
20150819 22:32_[2865, 1443, 4362, 7371]
20150819 22:33_[1865, 1743, 5220, 8094]
20150819 22:34_[3406, 9885, 3832, 4527]
20150819 22:35_[4010, 1680, 5776, 3972]
20150819 22:36_[4799, 1173, 5012, 2169]
20150819 22:37_[2882, 2991, 7579, 9767]
20150819 22:38_[8105, 1591, 4117, 2522]
20150819 22:39_[3818, 6848, 7039, 4240]
20150819 22:40_[2729, 9083, 5506, 4960]
20150819 22:41_[7407, 4901, 8112, 4743]
20150819 22:42_[6975, 9385, 7249, 6546]
20150819 22:43_[1246, 3979, 8581, 9430]
20150819 22:44_[9760, 2330, 4270, 6264]
20150819 22:45_[8480, 5400, 7034, 9597]
20150819 22:46_[6472, 2352, 9683, 3259]
20150819 22:47_[7753, 7108, 6629, 8197]
20150819 22:48_[6788, 9305, 8552, 7129]
20150819 22:49_[8301, 3039, 2455, 4480]
20150819 22:50_[9116, 6857, 9732, 1303]
20150819 22:51_[6294, 4756, 4145, 8924]
20150819 22:52_[3361, 3699, 5346, 5158]
20150819 22:53_[7073, 9762, 5356, 2601]
20150819 22:54_[5905, 8394, 2271, 1383]
20150819 22:55_[9549, 6971, 1385, 5487]
20150819 22:56_[4099, 4677, 7508, 4859]
20150819 22:57_[3796, 7040, 6604, 7183]
20150819 22:58_[7755, 9749, 4968, 6012]
20150819 22:59_[1261, 9483, 1369, 5631]
20150819 23:00_[1138, 8858, 2262, 7222]
20150819 23:01_[7042, 2915, 7853, 8490]
20150819 23:02_[4557, 3178, 9764, 4266]
20150819 23:03_[4874, 8039, 7638, 4724]
20150819 23:04_[1344, 2189, 8735, 4644]
20150819 23:05_[9992, 6462, 5173, 4662]
20150819 23:06_[4935, 3598, 4853, 8521]
20150819 23:07_[3731, 9151, 1924, 1417]
20150819 23:08_[2324, 7380, 1291, 5358]
20150819 23:09_[9299, 4242, 9786, 9712]
20150819 23:10_[8363, 6428, 2220, 9613]
20150819 23:11_[9409, 7599, 5225, 2752]
20150819 23:12_[8230, 7210, 9773, 6269]
20150819 23:13_[9707, 8187, 5624, 1162]
20150819 23:14_[5758, 7955, 4059, 1099]
20150819 23:15_[8373, 4988, 9217, 9288]
20150819 23:16_[4454, 8678, 5636, 6196]
20150819 23:17_[7677, 7510, 7879, 5925]
20150819 23:18_[8012, 3313, 7472, 1815]
20150819 23:19_[6436, 9593, 2564, 3989]
20150819 23:20_[2855, 4725, 5400, 9718]
20150819 23:21_[4381, 3707, 3829, 8727]
20150819 23:22_[6571, 5191, 4733, 1388]
20150819 23:23_[1738, 5968, 3962, 5136]
20150819 23:24_[8510, 5247, 4597, 2304]
20150819 23:25_[3499, 4945, 7672, 8322]
20150819 23:26_[7900, 4221, 5288, 5974]
20150819 23:27_[9217, 3256, 3959, 4291]
20150819 23:28_[7890, 5767, 3329, 2537]
20150819 23:29_[1140, 3170, 9914, 3670]
20150819 23:30_[8599, 5007, 3013, 2209]
20150819 23:31_[7733, 5897, 8718, 4501]
20150819 23:32_[8801, 7834, 7872, 9654]
20150819 23:33_[3079, 1376, 5288, 3936]
20150819 23:34_[4416, 2292, 9527, 8553]
20150819 23:35_[1814, 4495, 2537, 8722]
20150819 23:36_[6064, 2999, 2937, 6582]
20150819 23:37_[4467, 2099, 3899, 8126]
20150819 23:38_[1589, 3888, 1905, 8531]
20150819 23:39_[2106, 7229, 1600, 4878]
20150819 23:40_[6550, 1422, 6982, 6097]
20150819 23:41_[6132, 8391, 4968, 5076]
20150819 23:42_[7764, 7426, 1722, 2496]
20150819 23:43_[8480, 7399, 2077, 3132]
20150819 23:44_[5234, 8042, 8713, 3575]
20150819 23:45_[4729, 5188, 5260, 4815]
20150819 23:46_[2352, 6308, 6374, 4390]
20150819 23:47_[9104, 6366, 1401, 6369]
20150819 23:48_[4110, 3829, 2164, 8960]
20150819 23:49_[2098, 5108, 2721, 2393]
20150819 23:50_[5582, 8026, 7528, 3275]
20150819 23:51_[2132, 1286, 3970, 1949]
20150819 23:52_[6805, 3986, 6504, 9804]
20150819 23:53_[2151, 5573, 8143, 4493]
20150819 23:54_[6274, 3385, 9612, 6380]
20150819 23:55_[6436, 3182, 6663, 9111]
20150819 23:56_[6986, 4682, 7686, 2315]
20150819 23:57_[2979, 1995, 3519, 1247]
20150819 23:58_[6618, 6294, 1168, 3865]
20150819 23:59_[5649, 3318, 1682, 4388]
