20150818 00:00_[5944, 4840, 4034, 3380]
20150818 00:01_[1936, 7680, 9709, 7504]
20150818 00:02_[6211, 7345, 3157, 2992]
20150818 00:03_[4622, 2032, 2824, 4165]
20150818 00:04_[8574, 9037, 7190, 7961]
20150818 00:05_[2688, 2460, 4755, 8595]
20150818 00:06_[9400, 6374, 6001, 5243]
20150818 00:07_[2486, 6943, 5945, 7736]
20150818 00:08_[4751, 7383, 7136, 4696]
20150818 00:09_[8484, 7622, 7790, 8031]
20150818 00:10_[7075, 9316, 2530, 3658]
20150818 00:11_[3053, 1871, 9208, 1734]
20150818 00:12_[6446, 7018, 9080, 4737]
20150818 00:13_[5596, 2008, 5718, 6635]
20150818 00:14_[8179, 2191, 3124, 2354]
20150818 00:15_[4186, 6131, 5579, 4013]
20150818 00:16_[6795, 6762, 4481, 3785]
20150818 00:17_[1545, 6024, 9091, 4214]
20150818 00:18_[6013, 3051, 1582, 4201]
20150818 00:19_[4629, 8245, 5609, 4261]
20150818 00:20_[7451, 9652, 8448, 9572]
20150818 00:21_[8160, 2314, 6979, 2701]
20150818 00:22_[2832, 4117, 9705, 6989]
20150818 00:23_[7474, 3253, 9851, 2633]
20150818 00:24_[6697, 8703, 3463, 6144]
20150818 00:25_[1627, 6047, 5375, 3224]
20150818 00:26_[6651, 1616, 9570, 4690]
20150818 00:27_[8629, 7398, 2321, 3482]
20150818 00:28_[8519, 9371, 2910, 1505]
20150818 00:29_[3247, 8493, 6381, 3795]
20150818 00:30_[1973, 9106, 9694, 1183]
20150818 00:31_[2289, 2843, 9802, 5726]
20150818 00:32_[8784, 3832, 9195, 3551]
20150818 00:33_[1358, 5697, 1958, 9373]
20150818 00:34_[2309, 5261, 3644, 5809]
20150818 00:35_[3075, 5935, 3395, 9535]
20150818 00:36_[1952, 2229, 5293, 5098]
20150818 00:37_[2342, 3023, 8856, 7317]
20150818 00:38_[3331, 9794, 3019, 6549]
20150818 00:39_[2230, 7135, 4110, 5877]
20150818 00:40_[1726, 7264, 7095, 3316]
20150818 00:41_[5138, 3048, 1257, 7494]
20150818 00:42_[4424, 5425, 7731, 2024]
20150818 00:43_[1075, 2913, 9241, 7038]
20150818 00:44_[8104, 2167, 5162, 1207]
20150818 00:45_[6309, 4509, 9721, 1131]
20150818 00:46_[7230, 4811, 1755, 7871]
20150818 00:47_[4964, 5568, 4494, 1325]
20150818 00:48_[7757, 8894, 4028, 1429]
20150818 00:49_[6946, 9235, 2071, 1476]
20150818 00:50_[1536, 6074, 7874, 5357]
20150818 00:51_[5465, 9343, 4488, 8831]
20150818 00:52_[2411, 4288, 2391, 7219]
20150818 00:53_[1627, 6396, 9555, 6551]
20150818 00:54_[3526, 1380, 2283, 9515]
20150818 00:55_[5819, 9640, 7999, 8750]
20150818 00:56_[1335, 2016, 9479, 1122]
20150818 00:57_[1408, 4632, 3105, 4741]
20150818 00:58_[5652, 8720, 3487, 1173]
20150818 00:59_[9700, 6767, 5749, 1791]
20150818 01:00_[7664, 3849, 8745, 6577]
20150818 01:01_[4429, 6191, 6715, 3753]
20150818 01:02_[2947, 8617, 8176, 7109]
20150818 01:03_[9239, 4977, 9499, 3501]
20150818 01:04_[9820, 1704, 9129, 9294]
20150818 01:05_[9161, 9887, 2114, 6003]
20150818 01:06_[8260, 2510, 6761, 6380]
20150818 01:07_[1763, 9170, 8056, 8773]
20150818 01:08_[8581, 1563, 2648, 5794]
20150818 01:09_[4390, 5269, 3357, 1284]
20150818 01:10_[2792, 4185, 7641, 1705]
20150818 01:11_[3082, 4179, 2152, 1458]
20150818 01:12_[7650, 6518, 5324, 5108]
20150818 01:13_[7276, 1984, 8051, 3215]
20150818 01:14_[8986, 4431, 9932, 3079]
20150818 01:15_[4055, 2075, 6121, 4454]
20150818 01:16_[6111, 5206, 7497, 7484]
20150818 01:17_[7905, 5319, 8800, 7236]
20150818 01:18_[9925, 2149, 6929, 3037]
20150818 01:19_[8682, 6771, 7799, 3580]
20150818 01:20_[4581, 6262, 7355, 6736]
20150818 01:21_[9386, 7818, 8815, 7189]
20150818 01:22_[7163, 1876, 7693, 9244]
20150818 01:23_[8316, 8677, 9943, 1860]
20150818 01:24_[5311, 7630, 1006, 9292]
20150818 01:25_[9074, 6384, 4151, 5599]
20150818 01:26_[8140, 6936, 6865, 1744]
20150818 01:27_[3288, 4306, 1607, 2441]
20150818 01:28_[1617, 5409, 5267, 9252]
20150818 01:29_[4726, 2287, 2857, 6481]
20150818 01:30_[1315, 2864, 1379, 5627]
20150818 01:31_[9682, 5538, 1805, 3445]
20150818 01:32_[8929, 5580, 9168, 4419]
20150818 01:33_[8709, 9977, 7844, 1182]
20150818 01:34_[1533, 5559, 1379, 7268]
20150818 01:35_[7008, 7929, 3629, 9288]
20150818 01:36_[1100, 3430, 1744, 1270]
20150818 01:37_[6029, 9923, 1058, 2159]
20150818 01:38_[7551, 2255, 7991, 4247]
20150818 01:39_[9330, 8818, 3370, 4649]
20150818 01:40_[4864, 5053, 8554, 6697]
20150818 01:41_[5235, 9202, 8130, 2327]
20150818 01:42_[4930, 4244, 1171, 7471]
20150818 01:43_[3024, 5589, 5499, 4657]
20150818 01:44_[8622, 5267, 4322, 3171]
20150818 01:45_[9908, 5635, 7135, 1048]
20150818 01:46_[8573, 1452, 2255, 5491]
20150818 01:47_[3730, 4373, 1763, 8768]
20150818 01:48_[3051, 9782, 2974, 9933]
20150818 01:49_[8298, 2726, 7441, 3309]
20150818 01:50_[7390, 8905, 2575, 4149]
20150818 01:51_[8526, 8174, 3034, 2262]
20150818 01:52_[7500, 5855, 6122, 5181]
20150818 01:53_[5513, 4700, 7843, 6653]
20150818 01:54_[9524, 4256, 5765, 7969]
20150818 01:55_[8759, 6730, 7736, 1009]
20150818 01:56_[3097, 3432, 8172, 6016]
20150818 01:57_[1206, 6478, 4165, 2529]
20150818 01:58_[5535, 2502, 6229, 1951]
20150818 01:59_[3561, 6296, 8565, 9906]
20150818 02:00_[5458, 8145, 1928, 7697]
20150818 02:01_[8004, 3704, 4694, 7341]
20150818 02:02_[1971, 3269, 2887, 9333]
20150818 02:03_[6613, 7649, 4115, 9821]
20150818 02:04_[4627, 5125, 2593, 7557]
20150818 02:05_[8918, 1505, 3213, 4202]
20150818 02:06_[7213, 2449, 4157, 8198]
20150818 02:07_[5584, 4575, 1963, 4396]
20150818 02:08_[7105, 7078, 4703, 5923]
20150818 02:09_[1373, 6362, 7620, 5957]
20150818 02:10_[8568, 3249, 6352, 9369]
20150818 02:11_[6527, 4939, 8775, 5559]
20150818 02:12_[7721, 8904, 4303, 5139]
20150818 02:13_[7748, 5262, 9940, 9297]
20150818 02:14_[8330, 9841, 6900, 9759]
20150818 02:15_[2611, 2391, 9557, 1424]
20150818 02:16_[8775, 9201, 4969, 4969]
20150818 02:17_[3487, 1933, 8945, 1572]
20150818 02:18_[8651, 2281, 6485, 3465]
20150818 02:19_[3049, 4054, 1774, 2928]
20150818 02:20_[7978, 9254, 9924, 8403]
20150818 02:21_[4826, 5627, 8589, 6607]
20150818 02:22_[9316, 2875, 2535, 7125]
20150818 02:23_[2332, 6530, 6335, 7269]
20150818 02:24_[4677, 1344, 2288, 3029]
20150818 02:25_[3026, 6519, 4834, 9673]
20150818 02:26_[9056, 9111, 3451, 9554]
20150818 02:27_[9579, 7552, 5902, 8477]
20150818 02:28_[9430, 2127, 7227, 4603]
20150818 02:29_[2325, 6182, 2403, 8400]
20150818 02:30_[9326, 3606, 1777, 9959]
20150818 02:31_[8965, 8433, 2854, 8944]
20150818 02:32_[8593, 9167, 8968, 6023]
20150818 02:33_[4538, 3356, 8530, 7116]
20150818 02:34_[5369, 7473, 6885, 7362]
20150818 02:35_[7646, 6220, 3883, 2178]
20150818 02:36_[8012, 6157, 6566, 9221]
20150818 02:37_[4091, 7315, 8586, 9552]
20150818 02:38_[7980, 5715, 5080, 6152]
20150818 02:39_[1660, 6932, 3922, 2609]
20150818 02:40_[5447, 2335, 9756, 7497]
20150818 02:41_[4028, 2766, 6158, 7548]
20150818 02:42_[6885, 8931, 3224, 9977]
20150818 02:43_[9301, 8168, 6312, 3971]
20150818 02:44_[2241, 8683, 8712, 2870]
20150818 02:45_[8121, 7972, 3106, 2738]
20150818 02:46_[6601, 8310, 2642, 3016]
20150818 02:47_[3153, 2940, 5746, 2104]
20150818 02:48_[6892, 1077, 7989, 1413]
20150818 02:49_[9917, 1622, 1790, 3638]
20150818 02:50_[9286, 2923, 2742, 7620]
20150818 02:51_[2949, 1975, 7909, 1267]
20150818 02:52_[6751, 4532, 9371, 6537]
20150818 02:53_[4120, 4260, 5825, 9306]
20150818 02:54_[7742, 6867, 6436, 3400]
20150818 02:55_[7574, 7676, 7291, 6575]
20150818 02:56_[6957, 1606, 5631, 3926]
20150818 02:57_[4389, 8256, 3392, 8306]
20150818 02:58_[7415, 2703, 8574, 4451]
20150818 02:59_[6407, 2698, 8434, 5487]
20150818 03:00_[2350, 1292, 2663, 7055]
20150818 03:01_[8081, 6319, 2778, 3054]
20150818 03:02_[6389, 3671, 2632, 6126]
20150818 03:03_[2471, 8465, 3738, 2534]
20150818 03:04_[1039, 7704, 7673, 7439]
20150818 03:05_[5423, 8746, 5935, 1517]
20150818 03:06_[6678, 3900, 7504, 6024]
20150818 03:07_[1209, 9209, 9568, 2071]
20150818 03:08_[9385, 8794, 1521, 6041]
20150818 03:09_[1140, 6014, 7241, 4374]
20150818 03:10_[8283, 2870, 4740, 9970]
20150818 03:11_[2621, 6981, 9644, 8648]
20150818 03:12_[2786, 1183, 3116, 5238]
20150818 03:13_[1434, 5653, 2011, 1008]
20150818 03:14_[5319, 2200, 4934, 9485]
20150818 03:15_[7525, 7082, 8405, 6798]
20150818 03:16_[8195, 3236, 5363, 7780]
20150818 03:17_[4032, 7221, 9491, 4439]
20150818 03:18_[4244, 8874, 9424, 4370]
20150818 03:19_[8228, 3281, 9733, 1382]
20150818 03:20_[6758, 7391, 7931, 1552]
20150818 03:21_[9348, 1829, 7395, 6437]
20150818 03:22_[5286, 1733, 8151, 3295]
20150818 03:23_[3566, 8369, 7230, 2247]
20150818 03:24_[1316, 2582, 6686, 3752]
20150818 03:25_[4577, 9161, 7732, 4374]
20150818 03:26_[8322, 8573, 8653, 3816]
20150818 03:27_[2168, 4330, 4253, 7580]
20150818 03:28_[1479, 8692, 7408, 7295]
20150818 03:29_[1526, 6594, 4096, 8334]
20150818 03:30_[1816, 2622, 7632, 8648]
20150818 03:31_[6623, 7086, 9711, 6822]
20150818 03:32_[5706, 9195, 8952, 5697]
20150818 03:33_[2807, 1755, 2226, 2182]
20150818 03:34_[4555, 3907, 7434, 3452]
20150818 03:35_[5323, 7899, 8445, 9615]
20150818 03:36_[9190, 4996, 3281, 2417]
20150818 03:37_[2917, 9277, 5673, 7916]
20150818 03:38_[3539, 1168, 4599, 6467]
20150818 03:39_[9321, 7054, 1225, 1351]
20150818 03:40_[3435, 7838, 3727, 7979]
20150818 03:41_[6543, 5758, 3700, 2899]
20150818 03:42_[2843, 6360, 3428, 3220]
20150818 03:43_[2083, 6209, 6302, 8490]
20150818 03:44_[2078, 6634, 3568, 4859]
20150818 03:45_[4900, 4040, 1834, 7891]
20150818 03:46_[2756, 6927, 8520, 9164]
20150818 03:47_[5074, 5049, 7892, 7407]
20150818 03:48_[4317, 5927, 1960, 1375]
20150818 03:49_[4298, 6209, 4278, 2186]
20150818 03:50_[4681, 3902, 8000, 7323]
20150818 03:51_[5187, 9158, 3363, 7053]
20150818 03:52_[6730, 1243, 7970, 4261]
20150818 03:53_[3037, 6342, 8227, 9854]
20150818 03:54_[3144, 4650, 5605, 4460]
20150818 03:55_[8644, 1886, 3113, 2220]
20150818 03:56_[2552, 4022, 2690, 9284]
20150818 03:57_[9601, 8516, 9104, 2310]
20150818 03:58_[7997, 1501, 9870, 5172]
20150818 03:59_[2577, 3739, 6247, 6709]
20150818 04:00_[4856, 9385, 6992, 7196]
20150818 04:01_[3457, 3960, 5412, 5257]
20150818 04:02_[3178, 3266, 8014, 7810]
20150818 04:03_[3628, 6737, 3892, 8057]
20150818 04:04_[9189, 2318, 1878, 1231]
20150818 04:05_[7242, 1684, 8949, 6724]
20150818 04:06_[8204, 4364, 8171, 3531]
20150818 04:07_[6452, 2265, 6953, 8894]
20150818 04:08_[3084, 6333, 3854, 1434]
20150818 04:09_[4220, 1159, 9265, 7513]
20150818 04:10_[5581, 9861, 8581, 1884]
20150818 04:11_[4096, 8730, 5845, 1243]
20150818 04:12_[8378, 6854, 3185, 7939]
20150818 04:13_[4950, 6473, 6394, 3139]
20150818 04:14_[9296, 3344, 3190, 8896]
20150818 04:15_[8522, 3562, 4731, 1746]
20150818 04:16_[3136, 6281, 8141, 5882]
20150818 04:17_[4007, 1391, 5909, 9230]
20150818 04:18_[4123, 8067, 4198, 2842]
20150818 04:19_[1614, 5498, 8509, 3854]
20150818 04:20_[7320, 4181, 1116, 7125]
20150818 04:21_[5968, 3316, 4818, 6358]
20150818 04:22_[6558, 9473, 1254, 2400]
20150818 04:23_[3148, 3921, 8030, 4158]
20150818 04:24_[2997, 7371, 8912, 6333]
20150818 04:25_[8860, 6967, 7597, 8222]
20150818 04:26_[4641, 6657, 8213, 8048]
20150818 04:27_[6254, 2984, 4672, 7832]
20150818 04:28_[1852, 8721, 3199, 9018]
20150818 04:29_[7982, 4253, 5663, 7095]
20150818 04:30_[2558, 8638, 7822, 2402]
20150818 04:31_[7848, 5704, 4955, 3157]
20150818 04:32_[5352, 9406, 8052, 2188]
20150818 04:33_[5688, 8333, 6478, 8767]
20150818 04:34_[5192, 3901, 9646, 9034]
20150818 04:35_[8040, 2210, 5104, 7200]
20150818 04:36_[5916, 5709, 1957, 6612]
20150818 04:37_[4998, 3181, 9132, 2920]
20150818 04:38_[1044, 9033, 1689, 4720]
20150818 04:39_[5244, 7234, 7125, 8724]
20150818 04:40_[9725, 4407, 7489, 5768]
20150818 04:41_[4029, 1060, 2979, 6725]
20150818 04:42_[2813, 9263, 8461, 4429]
20150818 04:43_[3327, 7260, 3267, 9277]
20150818 04:44_[1776, 5207, 5315, 7108]
20150818 04:45_[9254, 2850, 7726, 3271]
20150818 04:46_[6077, 7387, 2777, 3683]
20150818 04:47_[9773, 9219, 6111, 5731]
20150818 04:48_[1126, 3365, 7017, 6410]
20150818 04:49_[5234, 9284, 4449, 3069]
20150818 04:50_[8768, 7130, 9841, 1253]
20150818 04:51_[6692, 1270, 3617, 3500]
20150818 04:52_[3703, 1864, 7818, 5195]
20150818 04:53_[1942, 2116, 4434, 8912]
20150818 04:54_[3178, 1779, 9425, 9903]
20150818 04:55_[3895, 7447, 1910, 7105]
20150818 04:56_[5985, 2476, 5195, 3343]
20150818 04:57_[3601, 7282, 3437, 8531]
20150818 04:58_[3201, 8560, 6950, 6121]
20150818 04:59_[9798, 9403, 6167, 7634]
20150818 05:00_[9204, 9579, 1221, 5381]
20150818 05:01_[9602, 1807, 7539, 4037]
20150818 05:02_[7432, 7672, 8348, 9513]
20150818 05:03_[4755, 8468, 6686, 5357]
20150818 05:04_[6855, 1101, 1676, 8963]
20150818 05:05_[4994, 6557, 4647, 8036]
20150818 05:06_[6396, 9994, 6166, 8524]
20150818 05:07_[1349, 5707, 2066, 2223]
20150818 05:08_[8446, 6898, 7419, 3324]
20150818 05:09_[7590, 6597, 9545, 5404]
20150818 05:10_[8369, 5957, 2834, 6649]
20150818 05:11_[1607, 5482, 8338, 6354]
20150818 05:12_[2716, 2860, 8166, 9250]
20150818 05:13_[3942, 6607, 9323, 8160]
20150818 05:14_[8251, 8195, 2660, 8679]
20150818 05:15_[5728, 8163, 1313, 1320]
20150818 05:16_[9208, 7009, 5595, 1038]
20150818 05:17_[9722, 3273, 7773, 6675]
20150818 05:18_[7677, 8214, 5086, 1642]
20150818 05:19_[8793, 9626, 5936, 9511]
20150818 05:20_[4890, 6931, 7971, 4803]
20150818 05:21_[5398, 5124, 7989, 3784]
20150818 05:22_[8050, 7222, 6528, 1074]
20150818 05:23_[5563, 3218, 4359, 3510]
20150818 05:24_[4518, 2618, 5053, 4387]
20150818 05:25_[5546, 8423, 1272, 5251]
20150818 05:26_[1129, 9614, 4867, 2800]
20150818 05:27_[3066, 6854, 1573, 4789]
20150818 05:28_[1913, 5325, 1490, 9379]
20150818 05:29_[7085, 9476, 3247, 3891]
20150818 05:30_[5150, 7502, 5131, 4427]
20150818 05:31_[2027, 4689, 5262, 1606]
20150818 05:32_[3003, 1224, 1209, 6639]
20150818 05:33_[5296, 1047, 3282, 7909]
20150818 05:34_[5461, 4841, 9416, 1348]
20150818 05:35_[2206, 3402, 9564, 7381]
20150818 05:36_[1156, 4262, 8645, 3300]
20150818 05:37_[3953, 7537, 8657, 1660]
20150818 05:38_[6294, 7769, 8994, 9345]
20150818 05:39_[6004, 9906, 6779, 6301]
20150818 05:40_[2232, 8107, 6898, 1625]
20150818 05:41_[2730, 6535, 2158, 3747]
20150818 05:42_[2732, 9275, 8776, 7083]
20150818 05:43_[3477, 8216, 1067, 5884]
20150818 05:44_[1912, 8930, 2086, 4667]
20150818 05:45_[6900, 3899, 2992, 3550]
20150818 05:46_[8097, 2931, 4713, 4179]
20150818 05:47_[6535, 4559, 4907, 3246]
20150818 05:48_[1356, 3233, 6009, 4841]
20150818 05:49_[3402, 3247, 6636, 8426]
20150818 05:50_[3443, 6879, 1525, 2643]
20150818 05:51_[5336, 4897, 8093, 6465]
20150818 05:52_[1490, 9873, 7596, 3238]
20150818 05:53_[9485, 3550, 5589, 4254]
20150818 05:54_[7773, 9398, 4917, 9739]
20150818 05:55_[8153, 8161, 3873, 5908]
20150818 05:56_[5449, 2889, 5805, 4800]
20150818 05:57_[6665, 2197, 8705, 6502]
20150818 05:58_[3318, 6941, 4585, 4783]
20150818 05:59_[7805, 1201, 8576, 4293]
20150818 06:00_[3662, 1959, 8477, 8085]
20150818 06:01_[8939, 4526, 7128, 9997]
20150818 06:02_[1757, 8996, 4354, 5752]
20150818 06:03_[3157, 8753, 8170, 6284]
20150818 06:04_[9061, 6120, 3028, 6929]
20150818 06:05_[6517, 3947, 5360, 8181]
20150818 06:06_[8201, 6940, 6168, 9172]
20150818 06:07_[4387, 5339, 6587, 5248]
20150818 06:08_[7299, 6342, 7483, 4312]
20150818 06:09_[3855, 5256, 7883, 5357]
20150818 06:10_[8692, 4711, 8353, 9181]
20150818 06:11_[6359, 1125, 2832, 8146]
20150818 06:12_[4546, 7118, 6746, 5037]
20150818 06:13_[3415, 4769, 4086, 1436]
20150818 06:14_[2057, 4475, 1354, 6872]
20150818 06:15_[9446, 2639, 1403, 8249]
20150818 06:16_[7228, 3216, 4503, 2066]
20150818 06:17_[3986, 9622, 5782, 6895]
20150818 06:18_[3407, 2366, 8977, 5154]
20150818 06:19_[9504, 9633, 7781, 9945]
20150818 06:20_[9607, 3056, 9807, 1428]
20150818 06:21_[7272, 2940, 4135, 4032]
20150818 06:22_[2119, 7397, 2175, 3577]
20150818 06:23_[3236, 3461, 2218, 5029]
20150818 06:24_[4906, 8495, 9857, 3462]
20150818 06:25_[7025, 3683, 4764, 9254]
20150818 06:26_[7020, 9167, 2575, 1635]
20150818 06:27_[8477, 1574, 5826, 3486]
20150818 06:28_[3939, 8320, 1550, 4197]
20150818 06:29_[3900, 4767, 9103, 5612]
20150818 06:30_[9440, 1474, 6130, 4097]
20150818 06:31_[5149, 3505, 5490, 9752]
20150818 06:32_[4026, 9632, 2309, 3378]
20150818 06:33_[5031, 2911, 2138, 7261]
20150818 06:34_[9820, 3345, 1014, 7830]
20150818 06:35_[2915, 2553, 9786, 2771]
20150818 06:36_[7170, 4994, 8468, 5900]
20150818 06:37_[1447, 4594, 4154, 8213]
20150818 06:38_[8951, 4848, 8879, 8536]
20150818 06:39_[6600, 8112, 1735, 6303]
20150818 06:40_[8106, 7559, 3136, 1264]
20150818 06:41_[4354, 2235, 9277, 5394]
20150818 06:42_[8374, 5370, 5473, 7688]
20150818 06:43_[1230, 1502, 3659, 2525]
20150818 06:44_[8571, 7222, 3041, 9740]
20150818 06:45_[3441, 3066, 9185, 2247]
20150818 06:46_[3191, 6674, 3040, 3210]
20150818 06:47_[7540, 9442, 9419, 6660]
20150818 06:48_[3559, 2749, 9936, 8441]
20150818 06:49_[8832, 3604, 2342, 5208]
20150818 06:50_[9275, 9653, 4865, 2262]
20150818 06:51_[9319, 9793, 1975, 6925]
20150818 06:52_[2860, 7133, 9306, 1606]
20150818 06:53_[8161, 6247, 4587, 8814]
20150818 06:54_[4430, 8835, 8245, 7683]
20150818 06:55_[6047, 4832, 1791, 5957]
20150818 06:56_[4965, 1829, 2655, 2015]
20150818 06:57_[5606, 3260, 2415, 7716]
20150818 06:58_[4492, 3050, 5611, 6779]
20150818 06:59_[6223, 5189, 8856, 9657]
20150818 07:00_[5719, 8963, 7612, 5338]
20150818 07:01_[5903, 2444, 3024, 2382]
20150818 07:02_[9290, 1349, 5097, 3218]
20150818 07:03_[7625, 4377, 2006, 6956]
20150818 07:04_[1975, 6236, 3193, 4029]
20150818 07:05_[2228, 7917, 7991, 8878]
20150818 07:06_[6310, 3736, 8798, 4573]
20150818 07:07_[5635, 5067, 4754, 6672]
20150818 07:08_[5393, 1438, 8847, 1732]
20150818 07:09_[3283, 4268, 6832, 6143]
20150818 07:10_[8550, 6946, 8443, 8123]
20150818 07:11_[5073, 6513, 2676, 1783]
20150818 07:12_[3056, 2804, 3878, 3371]
20150818 07:13_[7088, 6855, 9261, 3811]
20150818 07:14_[4990, 3369, 5245, 8069]
20150818 07:15_[2420, 3660, 4089, 4020]
20150818 07:16_[4194, 5876, 7025, 7150]
20150818 07:17_[1602, 4968, 6281, 6932]
20150818 07:18_[9101, 7661, 6673, 6358]
20150818 07:19_[2765, 6305, 5345, 6447]
20150818 07:20_[2979, 7362, 8308, 8426]
20150818 07:21_[5948, 5669, 4582, 6049]
20150818 07:22_[9052, 9885, 8214, 5683]
20150818 07:23_[1297, 6077, 5771, 3632]
20150818 07:24_[3124, 7486, 9790, 4439]
20150818 07:25_[9684, 9777, 6355, 1917]
20150818 07:26_[9783, 6661, 1008, 8190]
20150818 07:27_[7890, 9904, 6564, 5588]
20150818 07:28_[3670, 6007, 1145, 8323]
20150818 07:29_[5398, 4833, 7007, 7626]
20150818 07:30_[7970, 7335, 6030, 4943]
20150818 07:31_[2508, 4237, 1109, 1885]
20150818 07:32_[2318, 7625, 8249, 4412]
20150818 07:33_[1702, 4158, 1951, 7010]
20150818 07:34_[3674, 9988, 7920, 6563]
20150818 07:35_[7996, 5190, 5649, 1034]
20150818 07:36_[8711, 8621, 8417, 5713]
20150818 07:37_[1947, 3607, 7105, 6872]
20150818 07:38_[9896, 5481, 3147, 7970]
20150818 07:39_[2533, 6855, 8636, 4267]
20150818 07:40_[7573, 5469, 8418, 2936]
20150818 07:41_[2057, 9374, 4027, 2791]
20150818 07:42_[9438, 9432, 3742, 5320]
20150818 07:43_[1907, 1965, 9113, 2785]
20150818 07:44_[9012, 1314, 8770, 8742]
20150818 07:45_[7559, 3924, 2633, 2142]
20150818 07:46_[6566, 1670, 5284, 6546]
20150818 07:47_[3271, 5197, 7792, 9922]
20150818 07:48_[7827, 2772, 3872, 3380]
20150818 07:49_[7767, 2855, 6834, 5986]
20150818 07:50_[2364, 5337, 3853, 8316]
20150818 07:51_[8518, 6924, 4874, 1996]
20150818 07:52_[7143, 9766, 8437, 2243]
20150818 07:53_[2700, 7550, 9190, 6606]
20150818 07:54_[1427, 4983, 6911, 4207]
20150818 07:55_[3698, 1368, 4874, 2539]
20150818 07:56_[9547, 7965, 6943, 8619]
20150818 07:57_[3563, 4332, 8263, 4734]
20150818 07:58_[7693, 6636, 8763, 1580]
20150818 07:59_[2646, 4710, 1628, 4311]
20150818 08:00_[9824, 2332, 8262, 4958]
20150818 08:01_[8841, 8694, 6911, 7584]
20150818 08:02_[3916, 2813, 9177, 6654]
20150818 08:03_[3330, 6194, 4497, 6860]
20150818 08:04_[3819, 3039, 3593, 4824]
20150818 08:05_[5650, 8528, 9802, 8919]
20150818 08:06_[4024, 6668, 7705, 1672]
20150818 08:07_[7887, 2258, 2941, 4910]
20150818 08:08_[4635, 2897, 5982, 1953]
20150818 08:09_[8131, 9164, 5443, 4153]
20150818 08:10_[2448, 5450, 9002, 8808]
20150818 08:11_[1265, 3526, 8831, 9824]
20150818 08:12_[9139, 3961, 6153, 7907]
20150818 08:13_[2227, 7892, 5125, 9342]
20150818 08:14_[8733, 3939, 6490, 7261]
20150818 08:15_[1254, 5817, 1067, 8036]
20150818 08:16_[3096, 2285, 8769, 3120]
20150818 08:17_[1662, 9095, 4600, 8849]
20150818 08:18_[5928, 5519, 1582, 9603]
20150818 08:19_[5766, 2021, 5148, 3117]
20150818 08:20_[7331, 4957, 7082, 6216]
20150818 08:21_[1573, 4972, 8855, 8009]
20150818 08:22_[7683, 9556, 7384, 9260]
20150818 08:23_[9312, 2844, 7723, 8021]
20150818 08:24_[3540, 4751, 8902, 2199]
20150818 08:25_[2968, 5682, 3620, 7705]
20150818 08:26_[2971, 7698, 6091, 3430]
20150818 08:27_[1431, 5873, 1546, 3053]
20150818 08:28_[2394, 8411, 2729, 5900]
20150818 08:29_[5139, 2705, 2112, 8234]
20150818 08:30_[2052, 3518, 6694, 2276]
20150818 08:31_[4286, 5521, 4073, 4565]
20150818 08:32_[4643, 7140, 5337, 8478]
20150818 08:33_[3368, 9061, 4339, 8701]
20150818 08:34_[4593, 6951, 8243, 7617]
20150818 08:35_[2386, 1450, 4764, 9632]
20150818 08:36_[7628, 9249, 4874, 5305]
20150818 08:37_[3733, 1903, 3696, 7839]
20150818 08:38_[1054, 2065, 7299, 6819]
20150818 08:39_[9782, 9287, 7560, 9959]
20150818 08:40_[5079, 5329, 3271, 3149]
20150818 08:41_[3698, 1015, 9989, 6601]
20150818 08:42_[2258, 5762, 4250, 6804]
20150818 08:43_[4045, 3263, 5544, 2051]
20150818 08:44_[2433, 3210, 8222, 7875]
20150818 08:45_[5987, 8926, 5206, 1044]
20150818 08:46_[1392, 2398, 2190, 9804]
20150818 08:47_[6622, 4994, 2967, 2496]
20150818 08:48_[3263, 7238, 3046, 5836]
20150818 08:49_[3501, 5238, 4434, 1403]
20150818 08:50_[2695, 2120, 9292, 9372]
20150818 08:51_[6978, 2158, 6814, 2261]
20150818 08:52_[7338, 2054, 8362, 6487]
20150818 08:53_[6821, 7559, 2612, 3750]
20150818 08:54_[6675, 8834, 2652, 5615]
20150818 08:55_[3389, 2607, 6232, 3986]
20150818 08:56_[7671, 6923, 4729, 3267]
20150818 08:57_[7519, 9943, 7662, 6500]
20150818 08:58_[1688, 9390, 9004, 5264]
20150818 08:59_[8277, 1976, 5907, 8899]
20150818 09:00_[7993, 3379, 3818, 9637]
20150818 09:01_[4761, 9462, 5232, 3368]
20150818 09:02_[9622, 8562, 2623, 7566]
20150818 09:03_[1375, 9346, 4493, 4705]
20150818 09:04_[1362, 6620, 2997, 8332]
20150818 09:05_[7218, 9526, 4710, 4910]
20150818 09:06_[6198, 2517, 8213, 4269]
20150818 09:07_[7828, 9399, 8448, 7417]
20150818 09:08_[4752, 2691, 8939, 1314]
20150818 09:09_[6615, 1889, 2192, 9441]
20150818 09:10_[7516, 3813, 8546, 5447]
20150818 09:11_[9824, 8659, 5000, 2308]
20150818 09:12_[3966, 1660, 1673, 1871]
20150818 09:13_[8843, 6899, 7531, 6635]
20150818 09:14_[9770, 8182, 5710, 9588]
20150818 09:15_[6496, 8059, 4947, 3932]
20150818 09:16_[6022, 5116, 8632, 5649]
20150818 09:17_[1480, 1661, 4434, 3539]
20150818 09:18_[2115, 8453, 7485, 1282]
20150818 09:19_[9012, 5613, 4232, 1652]
20150818 09:20_[4883, 6894, 5788, 8721]
20150818 09:21_[6186, 8265, 5081, 8663]
20150818 09:22_[2189, 4185, 2279, 2226]
20150818 09:23_[4512, 5301, 6697, 9582]
20150818 09:24_[2046, 7421, 8067, 5273]
20150818 09:25_[5297, 6414, 7245, 6257]
20150818 09:26_[7925, 2438, 9557, 2527]
20150818 09:27_[3444, 2141, 2386, 4456]
20150818 09:28_[3710, 7424, 7048, 1281]
20150818 09:29_[6739, 5594, 4773, 7191]
20150818 09:30_[6489, 6963, 5416, 5877]
20150818 09:31_[6724, 5195, 3908, 7291]
20150818 09:32_[7781, 5613, 6107, 4143]
20150818 09:33_[8176, 2878, 9058, 6065]
20150818 09:34_[1089, 9764, 9709, 5486]
20150818 09:35_[5505, 9939, 3739, 9070]
20150818 09:36_[2544, 6658, 9570, 1634]
20150818 09:37_[8401, 8337, 6421, 8333]
20150818 09:38_[1247, 5278, 9140, 3114]
20150818 09:39_[8960, 5996, 4663, 1600]
20150818 09:40_[7875, 8237, 4420, 7083]
20150818 09:41_[2248, 4186, 4102, 9180]
20150818 09:42_[8573, 1683, 3833, 8317]
20150818 09:43_[4584, 1587, 6332, 9384]
20150818 09:44_[3529, 8340, 9404, 5000]
20150818 09:45_[5682, 3226, 7318, 5993]
20150818 09:46_[9827, 6734, 1725, 7165]
20150818 09:47_[9765, 2572, 5138, 9418]
20150818 09:48_[9703, 6727, 3688, 5369]
20150818 09:49_[9763, 2588, 9264, 2391]
20150818 09:50_[4116, 3080, 6298, 9810]
20150818 09:51_[6203, 7100, 5507, 6488]
20150818 09:52_[2544, 6700, 5682, 8352]
20150818 09:53_[3366, 7657, 1680, 2651]
20150818 09:54_[1505, 1549, 6117, 8336]
20150818 09:55_[2211, 8817, 1953, 9042]
20150818 09:56_[7912, 9151, 7063, 4770]
20150818 09:57_[5652, 3268, 4434, 4337]
20150818 09:58_[4730, 9146, 9935, 2829]
20150818 09:59_[4598, 5311, 6669, 6639]
20150818 10:00_[9129, 1775, 3864, 8952]
20150818 10:01_[3887, 3271, 2364, 2181]
20150818 10:02_[1341, 2879, 9877, 1176]
20150818 10:03_[6904, 5389, 2691, 1104]
20150818 10:04_[7162, 7042, 5470, 5757]
20150818 10:05_[5905, 9887, 2561, 2752]
20150818 10:06_[6416, 1527, 3143, 8375]
20150818 10:07_[3207, 9394, 9189, 3824]
20150818 10:08_[6113, 3866, 6281, 6853]
20150818 10:09_[6409, 1751, 5156, 8208]
20150818 10:10_[7966, 8536, 7560, 5010]
20150818 10:11_[9121, 1217, 1482, 8622]
20150818 10:12_[4191, 4692, 5011, 6621]
20150818 10:13_[5261, 4077, 8773, 3803]
20150818 10:14_[2455, 4255, 9121, 9746]
20150818 10:15_[6802, 2936, 4528, 1937]
20150818 10:16_[2966, 3995, 4649, 2056]
20150818 10:17_[9921, 1876, 4517, 1595]
20150818 10:18_[3355, 1562, 5359, 1078]
20150818 10:19_[4434, 3294, 7150, 6966]
20150818 10:20_[9522, 6584, 5122, 9627]
20150818 10:21_[3322, 8670, 8044, 7603]
20150818 10:22_[1766, 9794, 9275, 4547]
20150818 10:23_[8272, 6908, 7858, 5334]
20150818 10:24_[9211, 8991, 7185, 8337]
20150818 10:25_[3779, 8058, 8944, 4595]
20150818 10:26_[3227, 4264, 4097, 4981]
20150818 10:27_[9680, 5766, 5353, 3178]
20150818 10:28_[3727, 9362, 7246, 3902]
20150818 10:29_[1195, 8862, 9756, 3881]
20150818 10:30_[6982, 9312, 2066, 1199]
20150818 10:31_[1234, 7602, 7587, 3425]
20150818 10:32_[1938, 5455, 3323, 6934]
20150818 10:33_[2558, 1561, 6767, 4370]
20150818 10:34_[8744, 7307, 3194, 5619]
20150818 10:35_[6585, 3394, 9504, 9242]
20150818 10:36_[7006, 8150, 1251, 1890]
20150818 10:37_[7773, 9493, 8706, 2069]
20150818 10:38_[6776, 6559, 1849, 4252]
20150818 10:39_[5837, 1366, 8930, 1883]
20150818 10:40_[6327, 2619, 5436, 9625]
20150818 10:41_[6983, 3514, 3691, 6305]
20150818 10:42_[5241, 1514, 9240, 6253]
20150818 10:43_[5158, 6607, 6293, 2874]
20150818 10:44_[2383, 2605, 7868, 1858]
20150818 10:45_[7529, 4121, 1429, 6827]
20150818 10:46_[8647, 8174, 2993, 8627]
20150818 10:47_[2251, 4552, 2106, 7562]
20150818 10:48_[6877, 9157, 4562, 8161]
20150818 10:49_[2080, 4260, 2611, 9091]
20150818 10:50_[9823, 1416, 6344, 9548]
20150818 10:51_[6483, 3665, 7230, 4694]
20150818 10:52_[3105, 4241, 9888, 1995]
20150818 10:53_[4025, 3810, 9850, 6135]
20150818 10:54_[7125, 2504, 4662, 4611]
20150818 10:55_[4495, 4055, 3557, 1143]
20150818 10:56_[4811, 3567, 6436, 2759]
20150818 10:57_[1124, 6265, 5393, 8021]
20150818 10:58_[4786, 3355, 8159, 5007]
20150818 10:59_[2804, 7405, 9742, 2263]
20150818 11:00_[2756, 8920, 5209, 6176]
20150818 11:01_[4632, 7745, 1565, 6188]
20150818 11:02_[2239, 8677, 2478, 3305]
20150818 11:03_[2628, 1120, 3478, 3611]
20150818 11:04_[1674, 4716, 8538, 5824]
20150818 11:05_[3398, 4991, 8612, 7268]
20150818 11:06_[3892, 3878, 9967, 2530]
20150818 11:07_[7127, 3378, 2180, 9080]
20150818 11:08_[1400, 1542, 7223, 2002]
20150818 11:09_[7094, 2864, 2209, 8274]
20150818 11:10_[6839, 3437, 7457, 7299]
20150818 11:11_[4201, 7944, 8166, 4150]
20150818 11:12_[1824, 4867, 8943, 2525]
20150818 11:13_[3542, 7846, 6432, 2425]
20150818 11:14_[8268, 5024, 8706, 6156]
20150818 11:15_[2029, 4432, 4006, 3061]
20150818 11:16_[6110, 5403, 1299, 2761]
20150818 11:17_[8697, 4253, 9012, 3274]
20150818 11:18_[6022, 6890, 2373, 6913]
20150818 11:19_[2785, 1235, 7968, 9060]
20150818 11:20_[4645, 1816, 4351, 2626]
20150818 11:21_[2887, 4098, 8543, 4218]
20150818 11:22_[1049, 2347, 5382, 4064]
20150818 11:23_[4438, 1999, 7769, 9667]
20150818 11:24_[2283, 4042, 7590, 5778]
20150818 11:25_[5028, 4085, 9051, 2612]
20150818 11:26_[4294, 2587, 7232, 2447]
20150818 11:27_[9014, 6848, 1488, 7422]
20150818 11:28_[4356, 9932, 2112, 8039]
20150818 11:29_[6783, 6733, 8542, 4470]
20150818 11:30_[3407, 3168, 1503, 6318]
20150818 11:31_[8919, 8161, 3524, 1288]
20150818 11:32_[3211, 6106, 3021, 8281]
20150818 11:33_[7584, 5822, 6310, 7589]
20150818 11:34_[6113, 8610, 5680, 9390]
20150818 11:35_[5537, 7338, 5818, 4048]
20150818 11:36_[4038, 4936, 7226, 2897]
20150818 11:37_[6175, 2398, 5608, 2396]
20150818 11:38_[3727, 4805, 5590, 7599]
20150818 11:39_[6450, 5057, 7817, 6340]
20150818 11:40_[5334, 8552, 8833, 9773]
20150818 11:41_[1723, 3794, 8383, 7914]
20150818 11:42_[2019, 8050, 1474, 9872]
20150818 11:43_[6002, 4681, 8862, 3920]
20150818 11:44_[7372, 8166, 4719, 8012]
20150818 11:45_[1492, 9732, 9031, 3099]
20150818 11:46_[7444, 3366, 6460, 8780]
20150818 11:47_[7292, 2796, 9684, 3895]
20150818 11:48_[3026, 2699, 5130, 8362]
20150818 11:49_[4076, 6784, 6741, 5051]
20150818 11:50_[4916, 9917, 9340, 3432]
20150818 11:51_[9214, 9153, 5949, 2753]
20150818 11:52_[7304, 9952, 2280, 2526]
20150818 11:53_[9424, 1792, 1845, 7445]
20150818 11:54_[3721, 6906, 4995, 8707]
20150818 11:55_[3089, 8088, 6402, 6891]
20150818 11:56_[9665, 5314, 6512, 4509]
20150818 11:57_[8944, 1518, 5217, 9779]
20150818 11:58_[4350, 8610, 4413, 4494]
20150818 11:59_[3506, 1316, 6442, 9148]
20150818 12:00_[8599, 7355, 5748, 3966]
20150818 12:01_[6381, 7654, 3459, 6976]
20150818 12:02_[7224, 2058, 6198, 3089]
20150818 12:03_[1261, 2956, 2882, 7537]
20150818 12:04_[5832, 5473, 8151, 3219]
20150818 12:05_[1269, 1198, 4986, 7194]
20150818 12:06_[8274, 4246, 5140, 1319]
20150818 12:07_[4143, 7652, 6277, 2071]
20150818 12:08_[5487, 8385, 6397, 9537]
20150818 12:09_[2958, 9568, 7716, 5966]
20150818 12:10_[6477, 6339, 7251, 7167]
20150818 12:11_[7459, 7476, 8272, 9168]
20150818 12:12_[8835, 5089, 3543, 3468]
20150818 12:13_[9317, 6871, 6546, 7962]
20150818 12:14_[1675, 3834, 8163, 3124]
20150818 12:15_[1224, 7149, 6848, 3838]
20150818 12:16_[2329, 6460, 1935, 6758]
20150818 12:17_[1697, 7762, 3798, 5870]
20150818 12:18_[6843, 1357, 3980, 7798]
20150818 12:19_[9477, 9403, 4766, 8874]
20150818 12:20_[3531, 5884, 1358, 7680]
20150818 12:21_[8356, 5680, 1558, 3917]
20150818 12:22_[1971, 2615, 9457, 6107]
20150818 12:23_[8290, 2547, 7484, 6166]
20150818 12:24_[2604, 2242, 3178, 1544]
20150818 12:25_[6275, 5295, 3469, 3129]
20150818 12:26_[9728, 4928, 2558, 6138]
20150818 12:27_[9726, 5605, 3754, 1193]
20150818 12:28_[8978, 2743, 8457, 4887]
20150818 12:29_[4115, 8230, 6902, 2728]
20150818 12:30_[4757, 8312, 4262, 6947]
20150818 12:31_[3622, 5713, 6579, 8796]
20150818 12:32_[7962, 5751, 6491, 4604]
20150818 12:33_[1260, 3229, 4050, 2218]
20150818 12:34_[2039, 2423, 5940, 6312]
20150818 12:35_[9832, 7644, 2932, 3316]
20150818 12:36_[9183, 6205, 9475, 2524]
20150818 12:37_[2582, 8140, 1864, 6005]
20150818 12:38_[8428, 6604, 5154, 7038]
20150818 12:39_[3208, 3374, 4839, 5795]
20150818 12:40_[1064, 6795, 2738, 2060]
20150818 12:41_[4715, 3440, 3503, 9947]
20150818 12:42_[6898, 7835, 6273, 4560]
20150818 12:43_[6137, 6004, 3915, 9121]
20150818 12:44_[4981, 3925, 6834, 9926]
20150818 12:45_[1168, 8393, 6523, 1901]
20150818 12:46_[7802, 3160, 1042, 6784]
20150818 12:47_[1742, 8610, 4802, 1690]
20150818 12:48_[1634, 9929, 3259, 8382]
20150818 12:49_[1956, 4411, 4178, 4335]
20150818 12:50_[4731, 2379, 7413, 2928]
20150818 12:51_[7186, 9120, 6688, 1502]
20150818 12:52_[7395, 1909, 4706, 6963]
20150818 12:53_[2301, 4435, 7526, 8333]
20150818 12:54_[3609, 2147, 2719, 6229]
20150818 12:55_[4722, 6786, 5821, 3894]
20150818 12:56_[1544, 9953, 5636, 3137]
20150818 12:57_[1069, 8013, 6128, 5731]
20150818 12:58_[9034, 6136, 7535, 9090]
20150818 12:59_[5434, 3724, 5047, 1637]
20150818 13:00_[3529, 5782, 7467, 4846]
20150818 13:01_[4929, 6553, 7385, 7166]
20150818 13:02_[1019, 1036, 8475, 6584]
20150818 13:03_[3892, 2218, 1515, 4505]
20150818 13:04_[6873, 3052, 4511, 6846]
20150818 13:05_[5542, 5675, 3057, 1413]
20150818 13:06_[7053, 9204, 5503, 6514]
20150818 13:07_[6401, 2709, 1409, 1389]
20150818 13:08_[5365, 5163, 9102, 2057]
20150818 13:09_[9019, 1107, 1809, 7958]
20150818 13:10_[9096, 3753, 8051, 8528]
20150818 13:11_[7532, 7113, 2866, 6773]
20150818 13:12_[7972, 9856, 9123, 3800]
20150818 13:13_[5265, 1205, 1287, 3754]
20150818 13:14_[4768, 7652, 3426, 7425]
20150818 13:15_[5962, 4084, 5844, 1674]
20150818 13:16_[7494, 9394, 8351, 7910]
20150818 13:17_[4421, 5595, 5236, 7901]
20150818 13:18_[1416, 1319, 3246, 8726]
20150818 13:19_[8093, 8313, 3146, 6390]
20150818 13:20_[4838, 8604, 7054, 8768]
20150818 13:21_[7706, 3654, 4117, 3225]
20150818 13:22_[8074, 8012, 8656, 8677]
20150818 13:23_[1902, 8555, 7614, 2337]
20150818 13:24_[1604, 9113, 9129, 6271]
20150818 13:25_[3669, 2501, 2097, 7324]
20150818 13:26_[7391, 4713, 7485, 9421]
20150818 13:27_[1116, 9203, 5903, 6673]
20150818 13:28_[1769, 2014, 2101, 5794]
20150818 13:29_[6846, 1401, 1416, 2968]
20150818 13:30_[7570, 8940, 5480, 3276]
20150818 13:31_[6542, 2936, 5240, 8752]
20150818 13:32_[6989, 3490, 9143, 7688]
20150818 13:33_[9549, 1502, 2210, 6617]
20150818 13:34_[3840, 4680, 7591, 1159]
20150818 13:35_[5186, 2387, 6180, 2944]
20150818 13:36_[3500, 8774, 4708, 8842]
20150818 13:37_[1905, 2643, 4337, 2436]
20150818 13:38_[5394, 2744, 3596, 9788]
20150818 13:39_[1170, 4690, 3874, 3094]
20150818 13:40_[3925, 5497, 1269, 6683]
20150818 13:41_[4992, 7859, 2704, 1004]
20150818 13:42_[2561, 1080, 9623, 9458]
20150818 13:43_[1635, 7290, 9628, 7946]
20150818 13:44_[7583, 2900, 8938, 8560]
20150818 13:45_[9109, 5910, 8488, 3597]
20150818 13:46_[1916, 9053, 1022, 1876]
20150818 13:47_[2193, 3719, 4880, 8823]
20150818 13:48_[6944, 1960, 5463, 7357]
20150818 13:49_[9877, 1036, 7150, 2841]
20150818 13:50_[2852, 3252, 7188, 7431]
20150818 13:51_[1881, 9629, 6756, 1657]
20150818 13:52_[5245, 9021, 5811, 7142]
20150818 13:53_[6678, 9438, 5770, 7193]
20150818 13:54_[4323, 2293, 7054, 3553]
20150818 13:55_[3166, 8384, 2003, 4454]
20150818 13:56_[9164, 8931, 9303, 6536]
20150818 13:57_[7628, 9715, 8743, 7087]
20150818 13:58_[6016, 9962, 3273, 2058]
20150818 13:59_[9676, 8586, 8248, 2306]
20150818 14:00_[3819, 9960, 4890, 1310]
20150818 14:01_[4305, 3301, 9918, 8710]
20150818 14:02_[8443, 7710, 2292, 3066]
20150818 14:03_[1366, 4690, 3324, 2792]
20150818 14:04_[5764, 2698, 9604, 2437]
20150818 14:05_[1703, 3091, 3054, 7465]
20150818 14:06_[2638, 2408, 5617, 4438]
20150818 14:07_[2958, 5730, 8889, 2841]
20150818 14:08_[8446, 1795, 6089, 2970]
20150818 14:09_[7977, 2646, 6116, 8651]
20150818 14:10_[5217, 6332, 5402, 5340]
20150818 14:11_[4677, 6480, 3486, 2056]
20150818 14:12_[3083, 8023, 8763, 1348]
20150818 14:13_[6709, 9696, 3641, 7881]
20150818 14:14_[3510, 1669, 4433, 1134]
20150818 14:15_[4243, 6268, 4540, 7376]
20150818 14:16_[4684, 5833, 6541, 8802]
20150818 14:17_[9305, 3481, 5717, 2445]
20150818 14:18_[5877, 4811, 1657, 2602]
20150818 14:19_[4858, 6235, 6600, 7340]
20150818 14:20_[1015, 5616, 8349, 2542]
20150818 14:21_[1491, 1621, 4136, 6194]
20150818 14:22_[2048, 5219, 4891, 7500]
20150818 14:23_[2677, 2131, 1308, 1726]
20150818 14:24_[8016, 8100, 4272, 4471]
20150818 14:25_[7173, 7858, 5743, 5339]
20150818 14:26_[4482, 4356, 2452, 4576]
20150818 14:27_[9724, 4559, 5554, 6787]
20150818 14:28_[2498, 8012, 8158, 4059]
20150818 14:29_[2409, 2643, 2715, 1983]
20150818 14:30_[1454, 3783, 4870, 6284]
20150818 14:31_[2653, 9074, 1900, 1015]
20150818 14:32_[3197, 3398, 1805, 3078]
20150818 14:33_[9320, 7764, 8617, 2393]
20150818 14:34_[6369, 7306, 1315, 3527]
20150818 14:35_[3094, 9092, 4703, 5239]
20150818 14:36_[9031, 2766, 6005, 7031]
20150818 14:37_[8133, 7692, 6077, 2485]
20150818 14:38_[6673, 4813, 6961, 2240]
20150818 14:39_[8530, 9195, 3543, 2460]
20150818 14:40_[1198, 2189, 1186, 6516]
20150818 14:41_[8374, 4222, 1555, 7913]
20150818 14:42_[1245, 9158, 2074, 1379]
20150818 14:43_[9922, 1268, 3978, 3264]
20150818 14:44_[7402, 8319, 6412, 3009]
20150818 14:45_[5068, 8291, 3307, 2557]
20150818 14:46_[3343, 8456, 5681, 4970]
20150818 14:47_[2547, 3921, 1508, 5923]
20150818 14:48_[3436, 8199, 3567, 2634]
20150818 14:49_[6313, 5405, 9412, 5524]
20150818 14:50_[4978, 7484, 1151, 2559]
20150818 14:51_[3064, 4795, 3090, 9055]
20150818 14:52_[5522, 6311, 7330, 5117]
20150818 14:53_[4209, 8153, 8785, 2285]
20150818 14:54_[1731, 6140, 1602, 5205]
20150818 14:55_[4762, 6500, 8782, 6568]
20150818 14:56_[2534, 8909, 1635, 9936]
20150818 14:57_[1044, 7769, 7638, 4916]
20150818 14:58_[5428, 6214, 2751, 8752]
20150818 14:59_[5694, 8284, 9059, 5599]
20150818 15:00_[5346, 6903, 6246, 8210]
20150818 15:01_[5731, 1985, 5211, 2140]
20150818 15:02_[4536, 5068, 1712, 2346]
20150818 15:03_[6815, 7094, 4241, 4792]
20150818 15:04_[5143, 5535, 4007, 6986]
20150818 15:05_[4513, 9130, 9832, 8566]
20150818 15:06_[2283, 1120, 3409, 8425]
20150818 15:07_[9337, 5849, 2331, 9976]
20150818 15:08_[9457, 3499, 2130, 3315]
20150818 15:09_[3059, 3506, 5077, 1000]
20150818 15:10_[8513, 1901, 7027, 5233]
20150818 15:11_[4139, 3058, 2487, 5413]
20150818 15:12_[9011, 5247, 5458, 5190]
20150818 15:13_[9888, 9720, 9354, 6946]
20150818 15:14_[4719, 7240, 4864, 8981]
20150818 15:15_[2077, 7201, 4778, 6356]
20150818 15:16_[8288, 9712, 5153, 1246]
20150818 15:17_[5075, 9251, 2776, 4962]
20150818 15:18_[8086, 5122, 7524, 1079]
20150818 15:19_[7120, 4071, 1620, 5218]
20150818 15:20_[7282, 2917, 8998, 7842]
20150818 15:21_[3173, 3589, 7059, 5400]
20150818 15:22_[7341, 1763, 5705, 2256]
20150818 15:23_[2280, 9999, 2932, 5847]
20150818 15:24_[2353, 9100, 8038, 8321]
20150818 15:25_[5245, 2463, 8420, 7804]
20150818 15:26_[1926, 8328, 9527, 1270]
20150818 15:27_[4453, 8069, 8352, 8203]
20150818 15:28_[4129, 9501, 6299, 6338]
20150818 15:29_[5155, 8821, 2512, 9297]
20150818 15:30_[3359, 8755, 1291, 5493]
20150818 15:31_[3699, 3861, 7497, 9974]
20150818 15:32_[2235, 6217, 2519, 4437]
20150818 15:33_[8024, 2629, 2312, 6553]
20150818 15:34_[5317, 9937, 1777, 9441]
20150818 15:35_[9315, 9067, 4892, 2546]
20150818 15:36_[3739, 9371, 8238, 2500]
20150818 15:37_[2849, 7905, 9946, 1063]
20150818 15:38_[7943, 3710, 9741, 9392]
20150818 15:39_[3661, 1883, 6823, 6790]
20150818 15:40_[1573, 6927, 2217, 7954]
20150818 15:41_[8020, 6486, 5295, 6016]
20150818 15:42_[7882, 8663, 7834, 5178]
20150818 15:43_[9573, 8948, 9956, 6262]
20150818 15:44_[4218, 4012, 9592, 4137]
20150818 15:45_[6541, 1787, 3400, 6408]
20150818 15:46_[1970, 6125, 6846, 9552]
20150818 15:47_[1469, 1020, 4634, 6099]
20150818 15:48_[7034, 3301, 5234, 7807]
20150818 15:49_[8457, 7398, 3869, 8607]
20150818 15:50_[3885, 8754, 7261, 5265]
20150818 15:51_[4157, 1981, 1459, 6382]
20150818 15:52_[8788, 4888, 7789, 4071]
20150818 15:53_[4082, 3972, 2327, 7430]
20150818 15:54_[1650, 4633, 8141, 7973]
20150818 15:55_[9092, 1767, 1781, 9575]
20150818 15:56_[3668, 4744, 1378, 6359]
20150818 15:57_[7465, 4603, 9055, 2089]
20150818 15:58_[5198, 2000, 2283, 1236]
20150818 15:59_[4190, 2421, 4627, 4766]
20150818 16:00_[9383, 2253, 8310, 8235]
20150818 16:01_[2028, 8019, 7060, 9751]
20150818 16:02_[7901, 6316, 5224, 6144]
20150818 16:03_[8694, 8374, 8674, 3582]
20150818 16:04_[6891, 9819, 1292, 9040]
20150818 16:05_[1039, 8204, 8422, 1326]
20150818 16:06_[8603, 7133, 4116, 2744]
20150818 16:07_[4605, 8710, 8472, 2433]
20150818 16:08_[8496, 8728, 6607, 1559]
20150818 16:09_[9877, 7891, 6033, 7492]
20150818 16:10_[4632, 6627, 8560, 3622]
20150818 16:11_[5659, 2251, 1505, 3247]
20150818 16:12_[6386, 6094, 6888, 2005]
20150818 16:13_[1495, 6391, 1422, 9683]
20150818 16:14_[3698, 2163, 3213, 9897]
20150818 16:15_[9545, 4232, 1102, 4660]
20150818 16:16_[4425, 8742, 3005, 9568]
20150818 16:17_[9083, 3033, 4434, 1302]
20150818 16:18_[5077, 6076, 6099, 1021]
20150818 16:19_[9387, 5133, 4979, 3794]
20150818 16:20_[3525, 3044, 1607, 4437]
20150818 16:21_[3624, 7463, 9666, 1190]
20150818 16:22_[3729, 4015, 2920, 2490]
20150818 16:23_[4766, 2001, 9983, 7221]
20150818 16:24_[6788, 1993, 5393, 1335]
20150818 16:25_[3336, 8847, 2174, 3126]
20150818 16:26_[1421, 4348, 1860, 6152]
20150818 16:27_[9955, 7921, 6563, 3661]
20150818 16:28_[1009, 8038, 6233, 4662]
20150818 16:29_[9423, 3106, 1207, 1209]
20150818 16:30_[6052, 8326, 1020, 1102]
20150818 16:31_[2456, 8881, 4805, 4575]
20150818 16:32_[8851, 3980, 2149, 8687]
20150818 16:33_[8977, 6222, 1801, 9314]
20150818 16:34_[4417, 8334, 1301, 7005]
20150818 16:35_[5228, 9135, 2282, 3656]
20150818 16:36_[2260, 9079, 7310, 9431]
20150818 16:37_[2457, 6575, 3803, 4497]
20150818 16:38_[8018, 3877, 6347, 2014]
20150818 16:39_[2104, 5357, 2720, 5821]
20150818 16:40_[1287, 5025, 3760, 2400]
20150818 16:41_[6100, 2066, 5688, 8885]
20150818 16:42_[7421, 2553, 4466, 3201]
20150818 16:43_[8755, 9996, 1681, 3635]
20150818 16:44_[4147, 1560, 7033, 1248]
20150818 16:45_[4079, 7484, 2224, 8056]
20150818 16:46_[5981, 2248, 9120, 5890]
20150818 16:47_[5423, 3585, 5069, 2483]
20150818 16:48_[8189, 9816, 1905, 4911]
20150818 16:49_[3009, 5324, 2662, 5952]
20150818 16:50_[7619, 3550, 3742, 8667]
20150818 16:51_[6518, 3949, 5741, 5395]
20150818 16:52_[6329, 4460, 2027, 6553]
20150818 16:53_[6845, 3254, 9408, 9010]
20150818 16:54_[6148, 8768, 8977, 4315]
20150818 16:55_[7415, 6828, 5803, 2220]
20150818 16:56_[4092, 7281, 2642, 4801]
20150818 16:57_[6127, 3597, 4110, 7572]
20150818 16:58_[9464, 7686, 3093, 7456]
20150818 16:59_[3791, 9351, 9149, 8992]
20150818 17:00_[7243, 9006, 5376, 8118]
20150818 17:01_[4230, 8962, 4713, 9791]
20150818 17:02_[6829, 7745, 7381, 9704]
20150818 17:03_[5763, 1506, 2972, 9587]
20150818 17:04_[9878, 9183, 2764, 4096]
20150818 17:05_[3561, 8724, 5213, 1513]
20150818 17:06_[6060, 9197, 4035, 2095]
20150818 17:07_[6575, 6987, 5045, 5771]
20150818 17:08_[5737, 4248, 3666, 1506]
20150818 17:09_[3499, 4255, 2969, 7788]
20150818 17:10_[1473, 8137, 2659, 8630]
20150818 17:11_[6692, 3691, 3732, 6836]
20150818 17:12_[2907, 6523, 6979, 3697]
20150818 17:13_[2553, 7397, 1620, 3210]
20150818 17:14_[5667, 4060, 9697, 3275]
20150818 17:15_[5299, 8690, 6770, 5080]
20150818 17:16_[1539, 9443, 7679, 8640]
20150818 17:17_[6485, 7763, 1140, 2029]
20150818 17:18_[7455, 4031, 7424, 8781]
20150818 17:19_[9450, 3608, 4702, 8130]
20150818 17:20_[2994, 4910, 3127, 9921]
20150818 17:21_[8631, 6128, 5116, 5661]
20150818 17:22_[7616, 8923, 6909, 5560]
20150818 17:23_[9445, 1207, 7162, 1060]
20150818 17:24_[7838, 8099, 4423, 7118]
20150818 17:25_[3434, 8066, 1005, 5023]
20150818 17:26_[2444, 2487, 1933, 5320]
20150818 17:27_[3234, 2680, 8466, 1045]
20150818 17:28_[2359, 8285, 7983, 6844]
20150818 17:29_[6002, 7557, 8933, 6055]
20150818 17:30_[5899, 7036, 8343, 5973]
20150818 17:31_[9924, 5044, 1938, 3098]
20150818 17:32_[5087, 4541, 8211, 4374]
20150818 17:33_[3797, 6143, 8267, 9534]
20150818 17:34_[5123, 7421, 2018, 2495]
20150818 17:35_[1021, 3222, 6924, 4573]
20150818 17:36_[4101, 5145, 3356, 3716]
20150818 17:37_[5569, 5077, 1065, 1846]
20150818 17:38_[7864, 4758, 1115, 2988]
20150818 17:39_[5504, 7215, 5180, 7724]
20150818 17:40_[3213, 1139, 6073, 5227]
20150818 17:41_[4571, 4609, 2472, 6667]
20150818 17:42_[3805, 6556, 2781, 7651]
20150818 17:43_[6726, 5976, 9756, 7251]
20150818 17:44_[5924, 2862, 1921, 7444]
20150818 17:45_[4365, 5561, 3500, 5891]
20150818 17:46_[6827, 8365, 9429, 5065]
20150818 17:47_[6028, 6153, 8459, 5769]
20150818 17:48_[9354, 6449, 9895, 2051]
20150818 17:49_[7151, 4498, 2658, 2550]
20150818 17:50_[9349, 1532, 6640, 3106]
20150818 17:51_[9569, 5532, 4670, 6006]
20150818 17:52_[2868, 1747, 6195, 2788]
20150818 17:53_[8695, 6070, 2247, 2586]
20150818 17:54_[2071, 6293, 4295, 8572]
20150818 17:55_[3918, 8893, 9760, 9992]
20150818 17:56_[4825, 6386, 6848, 8998]
20150818 17:57_[3802, 7829, 1411, 8205]
20150818 17:58_[9373, 2446, 1525, 2141]
20150818 17:59_[7983, 6769, 3527, 5596]
20150818 18:00_[2651, 4767, 5487, 8752]
20150818 18:01_[3342, 9307, 4928, 5520]
20150818 18:02_[2988, 9896, 6797, 1850]
20150818 18:03_[6591, 6343, 5732, 4933]
20150818 18:04_[8910, 2705, 2673, 8744]
20150818 18:05_[2637, 8422, 7572, 1854]
20150818 18:06_[2365, 8040, 9368, 2658]
20150818 18:07_[8378, 8484, 6246, 6135]
20150818 18:08_[3093, 1737, 9097, 7971]
20150818 18:09_[7048, 8327, 3221, 3411]
20150818 18:10_[5629, 1074, 1351, 8913]
20150818 18:11_[9239, 1496, 1080, 1237]
20150818 18:12_[8147, 5575, 5681, 7964]
20150818 18:13_[9507, 9225, 5519, 4752]
20150818 18:14_[5400, 3600, 1498, 5611]
20150818 18:15_[7854, 1469, 9733, 5185]
20150818 18:16_[5050, 9092, 2003, 2502]
20150818 18:17_[4864, 2703, 8242, 4289]
20150818 18:18_[3970, 8103, 8970, 6434]
20150818 18:19_[4872, 7787, 8335, 7181]
20150818 18:20_[7152, 4133, 2978, 5865]
20150818 18:21_[4636, 5638, 5448, 9641]
20150818 18:22_[4495, 6288, 2767, 7997]
20150818 18:23_[2638, 7475, 9656, 7437]
20150818 18:24_[5794, 5003, 8086, 2159]
20150818 18:25_[2891, 2474, 3018, 5584]
20150818 18:26_[9734, 5472, 9687, 2994]
20150818 18:27_[5002, 6225, 1937, 2282]
20150818 18:28_[3213, 7021, 2057, 1137]
20150818 18:29_[8482, 6737, 5322, 6233]
20150818 18:30_[7141, 7602, 6200, 6857]
20150818 18:31_[4916, 9860, 7480, 4858]
20150818 18:32_[8885, 5568, 1810, 2806]
20150818 18:33_[4437, 3492, 6234, 7745]
20150818 18:34_[2397, 4891, 6263, 5875]
20150818 18:35_[7501, 1167, 5691, 4415]
20150818 18:36_[3332, 7615, 2746, 3511]
20150818 18:37_[7930, 2829, 6507, 3834]
20150818 18:38_[2354, 6833, 8700, 8717]
20150818 18:39_[4680, 2703, 8851, 1354]
20150818 18:40_[1611, 1593, 2374, 8289]
20150818 18:41_[1295, 8795, 8801, 4004]
20150818 18:42_[4821, 9862, 1733, 2961]
20150818 18:43_[7054, 9991, 6499, 5112]
20150818 18:44_[5494, 1807, 9610, 9838]
20150818 18:45_[4631, 6614, 5074, 2046]
20150818 18:46_[2268, 3667, 6084, 7105]
20150818 18:47_[5012, 7686, 7483, 2799]
20150818 18:48_[6456, 6069, 8559, 2035]
20150818 18:49_[7075, 2373, 6534, 9910]
20150818 18:50_[6608, 9395, 3285, 3917]
20150818 18:51_[6070, 5293, 4528, 6694]
20150818 18:52_[3069, 9150, 2320, 5142]
20150818 18:53_[7198, 3221, 1758, 5950]
20150818 18:54_[2639, 7253, 7975, 6516]
20150818 18:55_[9163, 4743, 9690, 5680]
20150818 18:56_[8767, 5607, 7911, 5652]
20150818 18:57_[1023, 5568, 6788, 6789]
20150818 18:58_[6722, 9463, 6382, 8385]
20150818 18:59_[2315, 8431, 3085, 5124]
20150818 19:00_[2448, 2306, 5768, 9608]
20150818 19:01_[2874, 3942, 4394, 7905]
20150818 19:02_[5750, 2201, 7609, 8723]
20150818 19:03_[5824, 7286, 4229, 9680]
20150818 19:04_[3241, 2559, 7093, 3246]
20150818 19:05_[3231, 7171, 8438, 9982]
20150818 19:06_[7369, 7159, 4072, 7774]
20150818 19:07_[7374, 8684, 1039, 2070]
20150818 19:08_[5213, 8161, 7293, 3617]
20150818 19:09_[7095, 6238, 6740, 5171]
20150818 19:10_[9528, 7947, 7062, 9794]
20150818 19:11_[5153, 1464, 2643, 5567]
20150818 19:12_[8677, 8847, 2523, 1550]
20150818 19:13_[5214, 1537, 1124, 8449]
20150818 19:14_[7735, 8380, 4281, 4103]
20150818 19:15_[6856, 9748, 8403, 2690]
20150818 19:16_[2595, 9933, 9069, 1710]
20150818 19:17_[2173, 6575, 4829, 1844]
20150818 19:18_[7240, 8325, 4848, 7728]
20150818 19:19_[7026, 4665, 2962, 6910]
20150818 19:20_[4872, 5062, 3986, 6759]
20150818 19:21_[4868, 6451, 7419, 6449]
20150818 19:22_[8326, 7419, 3762, 5678]
20150818 19:23_[8163, 5641, 9060, 4991]
20150818 19:24_[5706, 1801, 1960, 3179]
20150818 19:25_[9065, 9842, 6891, 3601]
20150818 19:26_[5965, 2565, 1162, 9818]
20150818 19:27_[3731, 1623, 2292, 7318]
20150818 19:28_[3833, 4628, 9280, 2891]
20150818 19:29_[6915, 4127, 1336, 7259]
20150818 19:30_[6190, 9406, 9598, 9783]
20150818 19:31_[5594, 5109, 6037, 3561]
20150818 19:32_[3249, 4201, 6381, 6334]
20150818 19:33_[3641, 8048, 4099, 1938]
20150818 19:34_[8927, 3535, 7867, 6063]
20150818 19:35_[2262, 9643, 7784, 5735]
20150818 19:36_[5930, 9298, 9130, 3490]
20150818 19:37_[8729, 4458, 4821, 6396]
20150818 19:38_[9226, 2293, 4484, 8598]
20150818 19:39_[4732, 7534, 6086, 7151]
20150818 19:40_[3620, 6469, 7626, 2774]
20150818 19:41_[3033, 6371, 8187, 4896]
20150818 19:42_[8386, 4762, 4239, 9518]
20150818 19:43_[1619, 5492, 1461, 8738]
20150818 19:44_[6209, 6097, 8253, 9347]
20150818 19:45_[3596, 4712, 3217, 2993]
20150818 19:46_[7044, 7455, 9294, 7210]
20150818 19:47_[3129, 7430, 3407, 8219]
20150818 19:48_[4688, 5074, 5237, 5047]
20150818 19:49_[7792, 3871, 2779, 7658]
20150818 19:50_[3097, 5122, 8252, 7064]
20150818 19:51_[3832, 5557, 2642, 7965]
20150818 19:52_[1025, 4644, 4926, 4313]
20150818 19:53_[8027, 9437, 7164, 8146]
20150818 19:54_[1859, 7603, 4365, 4684]
20150818 19:55_[2355, 5205, 9346, 9287]
20150818 19:56_[3420, 5571, 8507, 5074]
20150818 19:57_[9162, 4084, 5455, 7892]
20150818 19:58_[8038, 8965, 9678, 7451]
20150818 19:59_[6141, 2792, 4349, 7431]
20150818 20:00_[9378, 5576, 7491, 9271]
20150818 20:01_[4986, 8724, 3028, 6128]
20150818 20:02_[8433, 4728, 2031, 7995]
20150818 20:03_[9600, 9958, 1951, 7028]
20150818 20:04_[6511, 9122, 6467, 2259]
20150818 20:05_[5034, 8999, 2517, 6197]
20150818 20:06_[7961, 2846, 1404, 6283]
20150818 20:07_[1800, 9482, 3833, 5284]
20150818 20:08_[9492, 8062, 6497, 2668]
20150818 20:09_[9438, 7440, 9646, 1666]
20150818 20:10_[3519, 5005, 2065, 3695]
20150818 20:11_[8754, 7397, 7503, 7964]
20150818 20:12_[3605, 9481, 3387, 2279]
20150818 20:13_[9841, 5330, 6727, 6170]
20150818 20:14_[5097, 7931, 5686, 4941]
20150818 20:15_[8166, 6479, 2062, 9589]
20150818 20:16_[1046, 3450, 7017, 7113]
20150818 20:17_[2865, 3311, 8717, 2876]
20150818 20:18_[9676, 6057, 3654, 8227]
20150818 20:19_[9268, 4939, 9901, 1933]
20150818 20:20_[7537, 3397, 2253, 7288]
20150818 20:21_[1515, 2059, 4164, 4410]
20150818 20:22_[1109, 2077, 2409, 8783]
20150818 20:23_[7429, 7771, 5677, 7419]
20150818 20:24_[4648, 5684, 9547, 3403]
20150818 20:25_[6044, 7424, 4784, 5415]
20150818 20:26_[3154, 5648, 4282, 9286]
20150818 20:27_[1651, 5275, 5771, 6082]
20150818 20:28_[2161, 7170, 5061, 3735]
20150818 20:29_[1727, 9290, 3624, 3090]
20150818 20:30_[5846, 9713, 1330, 3945]
20150818 20:31_[5537, 3698, 7529, 7258]
20150818 20:32_[5096, 9451, 5970, 5931]
20150818 20:33_[9243, 9100, 7720, 4624]
20150818 20:34_[6249, 7128, 8368, 5382]
20150818 20:35_[8180, 2969, 2139, 2576]
20150818 20:36_[2844, 5837, 8003, 2530]
20150818 20:37_[5442, 8613, 7848, 2369]
20150818 20:38_[7168, 5353, 9761, 5521]
20150818 20:39_[7841, 4523, 9730, 1961]
20150818 20:40_[4687, 8052, 4486, 5341]
20150818 20:41_[5763, 2832, 8589, 4901]
20150818 20:42_[5994, 4819, 9668, 4859]
20150818 20:43_[9845, 9077, 8855, 4489]
20150818 20:44_[9155, 8060, 6635, 2099]
20150818 20:45_[4054, 5387, 1368, 1185]
20150818 20:46_[1632, 9179, 5070, 9739]
20150818 20:47_[9311, 8376, 3134, 5006]
20150818 20:48_[1543, 3584, 2038, 8117]
20150818 20:49_[6522, 7713, 9406, 9268]
20150818 20:50_[1662, 6838, 8773, 6872]
20150818 20:51_[9889, 3382, 6434, 9913]
20150818 20:52_[1011, 4142, 3100, 8126]
20150818 20:53_[5704, 3179, 1749, 7717]
20150818 20:54_[1422, 8643, 8406, 2684]
20150818 20:55_[6189, 1993, 2926, 7178]
20150818 20:56_[4227, 4906, 5831, 4336]
20150818 20:57_[5648, 6993, 6194, 9451]
20150818 20:58_[5879, 6181, 6584, 6659]
20150818 20:59_[7702, 1682, 8082, 8275]
20150818 21:00_[8603, 1706, 9723, 9140]
20150818 21:01_[8297, 2272, 8772, 7059]
20150818 21:02_[9815, 3183, 2002, 4509]
20150818 21:03_[8864, 3462, 4429, 2116]
20150818 21:04_[6519, 8844, 5358, 2619]
20150818 21:05_[6189, 3018, 8390, 4528]
20150818 21:06_[3513, 8426, 5872, 5415]
20150818 21:07_[8435, 6199, 6037, 5628]
20150818 21:08_[2885, 4453, 2717, 8796]
20150818 21:09_[2649, 7536, 3978, 6369]
20150818 21:10_[5786, 1558, 1514, 9711]
20150818 21:11_[3192, 4226, 1249, 4605]
20150818 21:12_[2695, 9660, 1152, 8373]
20150818 21:13_[6544, 7188, 5799, 2682]
20150818 21:14_[3371, 3978, 2914, 2795]
20150818 21:15_[5780, 4498, 1985, 6925]
20150818 21:16_[2149, 2912, 7624, 2617]
20150818 21:17_[5287, 8088, 2115, 3594]
20150818 21:18_[2637, 1515, 8420, 4800]
20150818 21:19_[6335, 2554, 5781, 4035]
20150818 21:20_[4819, 7938, 8741, 3942]
20150818 21:21_[3225, 1173, 4951, 6710]
20150818 21:22_[6706, 7042, 9264, 4629]
20150818 21:23_[3441, 2956, 4469, 1108]
20150818 21:24_[9295, 4489, 8913, 6908]
20150818 21:25_[4396, 6406, 5491, 5672]
20150818 21:26_[8832, 3099, 4777, 4298]
20150818 21:27_[3683, 2765, 7450, 8245]
20150818 21:28_[2147, 1304, 4947, 5976]
20150818 21:29_[3408, 8155, 1302, 8739]
20150818 21:30_[9222, 1664, 1905, 6050]
20150818 21:31_[5013, 1464, 8551, 8646]
20150818 21:32_[6005, 7651, 7900, 5883]
20150818 21:33_[8182, 1399, 6174, 8963]
20150818 21:34_[2846, 3280, 4397, 9962]
20150818 21:35_[1582, 1630, 7609, 7253]
20150818 21:36_[8229, 8591, 9107, 2323]
20150818 21:37_[3476, 5257, 8700, 7593]
20150818 21:38_[1325, 8417, 7565, 2616]
20150818 21:39_[5871, 2202, 9650, 9689]
20150818 21:40_[5759, 4285, 6634, 1049]
20150818 21:41_[2309, 8541, 3002, 2455]
20150818 21:42_[8246, 4941, 9230, 3951]
20150818 21:43_[6189, 6416, 2582, 7352]
20150818 21:44_[6371, 7458, 7404, 2951]
20150818 21:45_[2139, 7181, 9984, 5793]
20150818 21:46_[7926, 9865, 8880, 3274]
20150818 21:47_[5367, 8996, 7194, 9542]
20150818 21:48_[6669, 5164, 1559, 9839]
20150818 21:49_[6373, 9887, 7335, 1288]
20150818 21:50_[7524, 8498, 8773, 7077]
20150818 21:51_[3342, 5524, 4767, 7604]
20150818 21:52_[1237, 8243, 8526, 6685]
20150818 21:53_[2495, 4920, 2728, 4205]
20150818 21:54_[7476, 2336, 6600, 6878]
20150818 21:55_[5747, 2850, 4363, 7589]
20150818 21:56_[4471, 4166, 6753, 1988]
20150818 21:57_[6332, 6346, 1721, 5350]
20150818 21:58_[3525, 3404, 6775, 9651]
20150818 21:59_[4046, 2766, 2633, 5646]
20150818 22:00_[6518, 5037, 2984, 7207]
20150818 22:01_[6902, 2291, 8747, 5056]
20150818 22:02_[3605, 6254, 2644, 1415]
20150818 22:03_[9383, 5491, 8103, 3873]
20150818 22:04_[3069, 6725, 8878, 5364]
20150818 22:05_[8833, 3567, 9935, 6239]
20150818 22:06_[3819, 3488, 3805, 5230]
20150818 22:07_[7559, 1421, 6114, 7234]
20150818 22:08_[8853, 4562, 1768, 7669]
20150818 22:09_[3006, 2968, 3596, 4512]
20150818 22:10_[8621, 6364, 6195, 2551]
20150818 22:11_[1912, 9058, 9402, 4037]
20150818 22:12_[2326, 3009, 6174, 9947]
20150818 22:13_[3466, 3042, 6620, 2676]
20150818 22:14_[9405, 6603, 9536, 6161]
20150818 22:15_[8597, 1972, 3534, 3813]
20150818 22:16_[6728, 8979, 5290, 9562]
20150818 22:17_[8278, 7267, 8278, 9306]
20150818 22:18_[3330, 9310, 6655, 7259]
20150818 22:19_[6131, 4321, 5020, 8115]
20150818 22:20_[6038, 1772, 7231, 4165]
20150818 22:21_[6914, 6261, 3703, 9041]
20150818 22:22_[4890, 4302, 1662, 8737]
20150818 22:23_[9462, 3690, 1862, 2239]
20150818 22:24_[9744, 6192, 2657, 1198]
20150818 22:25_[4438, 7930, 2279, 3524]
20150818 22:26_[6014, 6000, 9646, 9202]
20150818 22:27_[7621, 1161, 8483, 5467]
20150818 22:28_[4542, 8546, 6496, 1950]
20150818 22:29_[3168, 6004, 6741, 9870]
20150818 22:30_[2371, 3732, 4030, 9387]
20150818 22:31_[3502, 5745, 1015, 9936]
20150818 22:32_[5517, 7745, 2059, 2908]
20150818 22:33_[3933, 2733, 8602, 3696]
20150818 22:34_[5713, 9886, 2239, 4483]
20150818 22:35_[9736, 1410, 7810, 3490]
20150818 22:36_[7198, 5015, 4806, 7465]
20150818 22:37_[8538, 7422, 3730, 6513]
20150818 22:38_[2996, 8389, 1470, 3269]
20150818 22:39_[9502, 3964, 1700, 8181]
20150818 22:40_[5228, 8206, 5204, 7311]
20150818 22:41_[6498, 5934, 6824, 1016]
20150818 22:42_[4800, 8414, 7469, 1043]
20150818 22:43_[4015, 6330, 4857, 4703]
20150818 22:44_[2559, 6242, 3529, 9126]
20150818 22:45_[6426, 2307, 3666, 9312]
20150818 22:46_[1474, 7749, 6551, 2021]
20150818 22:47_[4441, 5048, 7730, 1790]
20150818 22:48_[6785, 8896, 9745, 6269]
20150818 22:49_[9661, 8338, 7286, 6883]
20150818 22:50_[5795, 1947, 8106, 4066]
20150818 22:51_[3406, 3982, 8174, 9248]
20150818 22:52_[5412, 7555, 6887, 8775]
20150818 22:53_[2152, 4057, 8410, 9398]
20150818 22:54_[5755, 9237, 3366, 4960]
20150818 22:55_[5336, 4864, 1546, 9410]
20150818 22:56_[7967, 9921, 1979, 4642]
20150818 22:57_[9435, 4706, 5008, 8558]
20150818 22:58_[5194, 2015, 3285, 8476]
20150818 22:59_[4664, 3386, 2196, 7885]
20150818 23:00_[5664, 1993, 9927, 9536]
20150818 23:01_[4367, 1158, 6883, 7030]
20150818 23:02_[7678, 8478, 7468, 8081]
20150818 23:03_[1911, 3948, 4172, 3019]
20150818 23:04_[6231, 4286, 6145, 8969]
20150818 23:05_[8049, 8392, 9311, 2502]
20150818 23:06_[7981, 7050, 8523, 4275]
20150818 23:07_[8661, 6157, 7496, 4538]
20150818 23:08_[5088, 7515, 4719, 6980]
20150818 23:09_[6862, 2296, 7969, 4361]
20150818 23:10_[8593, 3000, 3860, 7684]
20150818 23:11_[6851, 2653, 2140, 6548]
20150818 23:12_[5855, 1097, 9803, 4790]
20150818 23:13_[5154, 4018, 3574, 7162]
20150818 23:14_[2500, 5625, 8122, 5866]
20150818 23:15_[6908, 2910, 9131, 6042]
20150818 23:16_[6465, 6882, 6714, 4390]
20150818 23:17_[4557, 6362, 8984, 4870]
20150818 23:18_[4605, 4879, 5727, 4033]
20150818 23:19_[5696, 8222, 3492, 5082]
20150818 23:20_[7743, 2987, 9721, 1652]
20150818 23:21_[5288, 1622, 8874, 1759]
20150818 23:22_[1674, 3118, 7604, 9392]
20150818 23:23_[3306, 1966, 7052, 8178]
20150818 23:24_[7921, 6172, 1223, 1162]
20150818 23:25_[6603, 9980, 3897, 2819]
20150818 23:26_[7462, 7987, 8082, 9267]
20150818 23:27_[6045, 9834, 1065, 7646]
20150818 23:28_[3340, 4396, 2637, 9241]
20150818 23:29_[5467, 1917, 9228, 6707]
20150818 23:30_[1648, 4663, 4685, 6209]
20150818 23:31_[2992, 7664, 8956, 2288]
20150818 23:32_[7991, 6416, 6601, 9704]
20150818 23:33_[9482, 8681, 5470, 5445]
20150818 23:34_[1493, 8594, 8654, 8950]
20150818 23:35_[6843, 6191, 7784, 8169]
20150818 23:36_[1919, 7569, 6217, 7137]
20150818 23:37_[2614, 6516, 9555, 6838]
20150818 23:38_[4056, 9568, 9818, 4727]
20150818 23:39_[3741, 5905, 7986, 8525]
20150818 23:40_[7256, 1112, 2554, 9316]
20150818 23:41_[4809, 4314, 8828, 9578]
20150818 23:42_[4660, 1471, 3670, 9896]
20150818 23:43_[2000, 7285, 9457, 2924]
20150818 23:44_[1814, 4025, 3337, 9399]
20150818 23:45_[6978, 2737, 6955, 5262]
20150818 23:46_[3425, 5929, 2084, 7484]
20150818 23:47_[7192, 3510, 8167, 8515]
20150818 23:48_[8622, 8501, 9443, 8391]
20150818 23:49_[1630, 6692, 9652, 9797]
20150818 23:50_[2041, 9483, 6555, 8207]
20150818 23:51_[1822, 2271, 3345, 2397]
20150818 23:52_[8672, 3508, 1036, 7688]
20150818 23:53_[4080, 3438, 8404, 8801]
20150818 23:54_[4344, 3883, 2972, 4410]
20150818 23:55_[7954, 7601, 8872, 5115]
20150818 23:56_[5702, 9764, 7069, 4145]
20150818 23:57_[2573, 2403, 8211, 2213]
20150818 23:58_[2247, 2231, 3065, 8561]
20150818 23:59_[9308, 3299, 7025, 7363]
