20150814 00:00_[3248, 9092, 6428, 7424]
20150814 00:01_[3906, 1554, 5005, 2245]
20150814 00:02_[2555, 6021, 5259, 1040]
20150814 00:03_[5980, 9228, 9237, 9891]
20150814 00:04_[4392, 1468, 6834, 8494]
20150814 00:05_[6075, 7681, 3469, 6422]
20150814 00:06_[5942, 6048, 8570, 9486]
20150814 00:07_[4524, 9573, 7041, 1234]
20150814 00:08_[7636, 1423, 7831, 4275]
20150814 00:09_[6758, 3857, 3305, 4175]
20150814 00:10_[8847, 2090, 3020, 3975]
20150814 00:11_[6033, 7765, 3633, 1039]
20150814 00:12_[4679, 7895, 7028, 6544]
20150814 00:13_[6187, 4432, 3465, 2376]
20150814 00:14_[3416, 1256, 1786, 3080]
20150814 00:15_[8983, 4418, 5200, 1229]
20150814 00:16_[6783, 4843, 2885, 5751]
20150814 00:17_[6106, 1239, 2236, 2835]
20150814 00:18_[4137, 3440, 1441, 4034]
20150814 00:19_[9353, 7850, 9667, 1018]
20150814 00:20_[6078, 4699, 4496, 7641]
20150814 00:21_[4920, 1625, 7089, 9238]
20150814 00:22_[2543, 6175, 7174, 6793]
20150814 00:23_[9172, 9640, 8645, 4428]
20150814 00:24_[2071, 2987, 2427, 5381]
20150814 00:25_[6986, 6224, 4912, 8769]
20150814 00:26_[4219, 2677, 5608, 4062]
20150814 00:27_[6638, 4982, 7725, 4121]
20150814 00:28_[2972, 9154, 6145, 2347]
20150814 00:29_[3061, 9827, 7116, 2951]
20150814 00:30_[7213, 6948, 1311, 2331]
20150814 00:31_[9411, 6008, 1088, 7609]
20150814 00:32_[2196, 2502, 8304, 1372]
20150814 00:33_[9934, 5663, 3009, 1152]
20150814 00:34_[7208, 6787, 7296, 2419]
20150814 00:35_[2902, 7073, 8145, 9300]
20150814 00:36_[3556, 9295, 1895, 8580]
20150814 00:37_[6737, 2845, 1071, 8436]
20150814 00:38_[1964, 9351, 8133, 8719]
20150814 00:39_[5271, 7435, 2337, 9301]
20150814 00:40_[5432, 8955, 7916, 3614]
20150814 00:41_[5757, 4732, 9687, 6847]
20150814 00:42_[9637, 8671, 3008, 9479]
20150814 00:43_[6013, 2317, 8096, 5095]
20150814 00:44_[6475, 2385, 9047, 1053]
20150814 00:45_[4014, 8986, 2460, 4232]
20150814 00:46_[1496, 6402, 7884, 7304]
20150814 00:47_[9654, 1692, 2052, 5857]
20150814 00:48_[5205, 7038, 2580, 9548]
20150814 00:49_[6665, 4398, 9931, 2517]
20150814 00:50_[2750, 8803, 5707, 9431]
20150814 00:51_[6256, 5192, 5904, 1097]
20150814 00:52_[3738, 2397, 8290, 9635]
20150814 00:53_[3623, 7325, 4129, 6928]
20150814 00:54_[8955, 5594, 5210, 1548]
20150814 00:55_[6685, 9017, 6638, 3299]
20150814 00:56_[4901, 9306, 9586, 5255]
20150814 00:57_[6961, 1063, 5665, 6450]
20150814 00:58_[6226, 8856, 9518, 5849]
20150814 00:59_[9793, 2253, 2075, 1972]
20150814 01:00_[6176, 2029, 4356, 7424]
20150814 01:01_[4791, 1754, 1230, 6733]
20150814 01:02_[1568, 4489, 6127, 5263]
20150814 01:03_[4570, 2264, 9770, 5498]
20150814 01:04_[7145, 6168, 2630, 7886]
20150814 01:05_[2661, 7729, 7767, 3521]
20150814 01:06_[8797, 3856, 5691, 8071]
20150814 01:07_[2109, 5519, 6106, 6222]
20150814 01:08_[1516, 4723, 8789, 9869]
20150814 01:09_[2989, 5682, 4372, 8439]
20150814 01:10_[7536, 5150, 9782, 5681]
20150814 01:11_[6683, 6088, 3969, 3527]
20150814 01:12_[6071, 9737, 1131, 8903]
20150814 01:13_[1385, 3266, 1558, 6786]
20150814 01:14_[5139, 1645, 1870, 8241]
20150814 01:15_[1035, 7398, 8617, 1224]
20150814 01:16_[5647, 4967, 3881, 5490]
20150814 01:17_[1311, 6687, 7084, 1356]
20150814 01:18_[4589, 3367, 9329, 6058]
20150814 01:19_[4192, 1279, 9106, 8984]
20150814 01:20_[7774, 8297, 2976, 8303]
20150814 01:21_[3469, 7753, 3386, 6861]
20150814 01:22_[6570, 8057, 5572, 7005]
20150814 01:23_[4285, 1483, 9139, 3966]
20150814 01:24_[5844, 1285, 1679, 2631]
20150814 01:25_[6309, 8686, 4214, 8001]
20150814 01:26_[2030, 5361, 3022, 9242]
20150814 01:27_[5331, 9102, 9573, 5714]
20150814 01:28_[4745, 2283, 7848, 5708]
20150814 01:29_[3851, 5327, 2110, 2607]
20150814 01:30_[2487, 7824, 5298, 4681]
20150814 01:31_[1245, 2234, 8405, 5394]
20150814 01:32_[3326, 6893, 8479, 1590]
20150814 01:33_[8777, 7516, 8503, 7036]
20150814 01:34_[1805, 4084, 1298, 5752]
20150814 01:35_[7160, 8093, 2407, 1670]
20150814 01:36_[3959, 5620, 6301, 8080]
20150814 01:37_[2656, 8813, 8700, 3199]
20150814 01:38_[4392, 5400, 1373, 8352]
20150814 01:39_[3548, 5871, 9681, 1533]
20150814 01:40_[9267, 7425, 1127, 5413]
20150814 01:41_[8130, 7894, 4491, 1583]
20150814 01:42_[3853, 6900, 3302, 8626]
20150814 01:43_[1335, 1658, 8116, 9003]
20150814 01:44_[7887, 5146, 7854, 3142]
20150814 01:45_[9825, 4614, 8269, 6379]
20150814 01:46_[3367, 6618, 8430, 2971]
20150814 01:47_[4452, 2250, 6927, 7399]
20150814 01:48_[4569, 7497, 7700, 6074]
20150814 01:49_[6779, 7601, 9200, 8073]
20150814 01:50_[9906, 1165, 1519, 9034]
20150814 01:51_[9604, 9001, 3708, 5536]
20150814 01:52_[9598, 3045, 7459, 5543]
20150814 01:53_[7708, 4131, 3379, 2425]
20150814 01:54_[3725, 8839, 2260, 7123]
20150814 01:55_[4048, 3814, 9512, 1276]
20150814 01:56_[4481, 4717, 3897, 9773]
20150814 01:57_[9210, 5504, 8440, 9431]
20150814 01:58_[6504, 3221, 6272, 8793]
20150814 01:59_[5063, 8218, 8203, 2884]
20150814 02:00_[3979, 2217, 4712, 7998]
20150814 02:01_[7790, 8348, 7277, 8805]
20150814 02:02_[9299, 9552, 4556, 3239]
20150814 02:03_[9907, 7789, 7946, 6024]
20150814 02:04_[5153, 6654, 7400, 6778]
20150814 02:05_[4740, 4149, 9370, 1153]
20150814 02:06_[7105, 6170, 7145, 5083]
20150814 02:07_[9842, 9275, 3974, 8134]
20150814 02:08_[2102, 1184, 3601, 3779]
20150814 02:09_[3644, 3760, 4423, 5324]
20150814 02:10_[7874, 5715, 8351, 8217]
20150814 02:11_[2231, 6254, 2787, 5207]
20150814 02:12_[3463, 6591, 9455, 3352]
20150814 02:13_[6950, 4742, 5234, 7282]
20150814 02:14_[9198, 6847, 2949, 7300]
20150814 02:15_[6898, 5454, 5344, 9778]
20150814 02:16_[3497, 9071, 4755, 3647]
20150814 02:17_[5325, 8062, 3942, 2387]
20150814 02:18_[3092, 7091, 5721, 3436]
20150814 02:19_[5870, 5216, 2379, 8427]
20150814 02:20_[6982, 4664, 6708, 1985]
20150814 02:21_[8194, 6460, 9844, 9798]
20150814 02:22_[6850, 6335, 6090, 1366]
20150814 02:23_[4151, 9442, 2366, 5864]
20150814 02:24_[5866, 1842, 9647, 8585]
20150814 02:25_[5282, 8511, 1885, 1996]
20150814 02:26_[7383, 9466, 7754, 6480]
20150814 02:27_[1553, 9940, 5487, 5117]
20150814 02:28_[9609, 7516, 7535, 1773]
20150814 02:29_[3858, 1866, 1369, 3079]
20150814 02:30_[6650, 1792, 4907, 9094]
20150814 02:31_[8865, 4970, 3086, 9426]
20150814 02:32_[3503, 6503, 8215, 4013]
20150814 02:33_[3363, 6276, 9915, 3885]
20150814 02:34_[8385, 2479, 3661, 5930]
20150814 02:35_[5602, 1907, 2734, 3584]
20150814 02:36_[9051, 6816, 2835, 7838]
20150814 02:37_[9187, 3351, 3341, 9070]
20150814 02:38_[2396, 8038, 3570, 9407]
20150814 02:39_[9902, 1717, 3716, 4046]
20150814 02:40_[7810, 8361, 3721, 2303]
20150814 02:41_[5862, 6150, 4006, 3630]
20150814 02:42_[7138, 6267, 2725, 2943]
20150814 02:43_[2785, 5057, 6622, 9484]
20150814 02:44_[9249, 1787, 5144, 3197]
20150814 02:45_[8040, 9564, 2644, 1883]
20150814 02:46_[4448, 4426, 4365, 8732]
20150814 02:47_[1884, 8981, 6085, 9730]
20150814 02:48_[5290, 9892, 5389, 4740]
20150814 02:49_[9370, 7840, 1162, 3264]
20150814 02:50_[6453, 8487, 1154, 5684]
20150814 02:51_[6546, 3176, 6039, 3239]
20150814 02:52_[4750, 9821, 5000, 2422]
20150814 02:53_[6568, 2393, 1845, 7718]
20150814 02:54_[4277, 1047, 4410, 9505]
20150814 02:55_[4043, 6342, 2733, 3167]
20150814 02:56_[5405, 7809, 4054, 9735]
20150814 02:57_[5862, 1892, 3537, 3513]
20150814 02:58_[6521, 7916, 1479, 5554]
20150814 02:59_[3261, 8367, 9204, 4201]
20150814 03:00_[6332, 9275, 5680, 6068]
20150814 03:01_[7966, 5732, 3227, 6475]
20150814 03:02_[7948, 2998, 3067, 9181]
20150814 03:03_[2704, 2890, 9640, 5540]
20150814 03:04_[4814, 8200, 6379, 9517]
20150814 03:05_[7357, 1982, 1701, 3208]
20150814 03:06_[1888, 9232, 6607, 4711]
20150814 03:07_[3254, 9294, 2492, 8914]
20150814 03:08_[1588, 6616, 4547, 2483]
20150814 03:09_[2339, 5085, 5372, 6585]
20150814 03:10_[7221, 8031, 4905, 6245]
20150814 03:11_[3220, 4893, 2869, 1060]
20150814 03:12_[8848, 6186, 4830, 7663]
20150814 03:13_[8292, 3787, 7654, 6779]
20150814 03:14_[7804, 5114, 1840, 6735]
20150814 03:15_[3798, 4355, 4325, 1404]
20150814 03:16_[7686, 8861, 8661, 2809]
20150814 03:17_[7600, 2977, 5223, 8718]
20150814 03:18_[6048, 1685, 3094, 1844]
20150814 03:19_[9060, 8451, 9095, 7161]
20150814 03:20_[1434, 6326, 1929, 9269]
20150814 03:21_[4968, 1185, 7084, 5722]
20150814 03:22_[1427, 8459, 1114, 1998]
20150814 03:23_[8656, 1454, 4269, 6150]
20150814 03:24_[4377, 5670, 1528, 9049]
20150814 03:25_[8303, 4210, 2258, 8282]
20150814 03:26_[4497, 8660, 6979, 5688]
20150814 03:27_[5622, 6799, 4422, 9568]
20150814 03:28_[1673, 4342, 9977, 7577]
20150814 03:29_[8711, 2864, 2716, 7072]
20150814 03:30_[7174, 2978, 6595, 2954]
20150814 03:31_[5422, 4926, 8989, 3891]
20150814 03:32_[4561, 4391, 1944, 2132]
20150814 03:33_[9120, 3839, 7199, 9300]
20150814 03:34_[4049, 8103, 7690, 5827]
20150814 03:35_[3256, 4113, 5329, 1159]
20150814 03:36_[9679, 6483, 1875, 1194]
20150814 03:37_[3030, 2792, 2349, 6215]
20150814 03:38_[7621, 5837, 3554, 8174]
20150814 03:39_[9911, 6207, 2396, 6285]
20150814 03:40_[6238, 2939, 9252, 8542]
20150814 03:41_[9413, 6994, 8812, 4447]
20150814 03:42_[2080, 6704, 4527, 4912]
20150814 03:43_[4504, 5236, 2266, 7339]
20150814 03:44_[9197, 2484, 9153, 1722]
20150814 03:45_[9675, 8427, 7756, 4229]
20150814 03:46_[2511, 9868, 1402, 6827]
20150814 03:47_[3152, 8887, 3662, 6579]
20150814 03:48_[2534, 2079, 1359, 1031]
20150814 03:49_[2817, 4940, 6332, 4650]
20150814 03:50_[7261, 9347, 7122, 7025]
20150814 03:51_[3684, 1368, 3438, 8889]
20150814 03:52_[2165, 3504, 1596, 5516]
20150814 03:53_[5203, 3941, 8992, 7172]
20150814 03:54_[2322, 5969, 6182, 6405]
20150814 03:55_[2819, 5909, 4181, 6678]
20150814 03:56_[6709, 7277, 8391, 6251]
20150814 03:57_[1842, 3620, 4034, 7474]
20150814 03:58_[1314, 2393, 5983, 8573]
20150814 03:59_[2816, 1151, 3940, 5552]
20150814 04:00_[5187, 9491, 1091, 7952]
20150814 04:01_[2186, 4269, 7162, 9550]
20150814 04:02_[3811, 1533, 8628, 7834]
20150814 04:03_[7137, 7697, 5659, 3363]
20150814 04:04_[4709, 8916, 5952, 7142]
20150814 04:05_[4703, 7219, 1823, 6131]
20150814 04:06_[4685, 2750, 4802, 5821]
20150814 04:07_[4086, 2608, 7872, 1361]
20150814 04:08_[9284, 6479, 2019, 4536]
20150814 04:09_[8605, 7117, 7105, 3625]
20150814 04:10_[5224, 9733, 2067, 7927]
20150814 04:11_[1499, 7161, 9683, 8897]
20150814 04:12_[2422, 5721, 2043, 4907]
20150814 04:13_[2329, 5735, 9732, 8130]
20150814 04:14_[8572, 3288, 6389, 2705]
20150814 04:15_[8875, 1321, 7378, 4795]
20150814 04:16_[8390, 1603, 3109, 2678]
20150814 04:17_[9877, 4155, 5831, 3810]
20150814 04:18_[3010, 7901, 9138, 5880]
20150814 04:19_[3101, 7593, 8552, 2350]
20150814 04:20_[4335, 8993, 4762, 1059]
20150814 04:21_[6001, 5269, 3855, 1143]
20150814 04:22_[8028, 2780, 3203, 3486]
20150814 04:23_[4622, 1286, 6690, 8937]
20150814 04:24_[3849, 8393, 9820, 9420]
20150814 04:25_[6889, 9336, 7493, 8825]
20150814 04:26_[6175, 7167, 1118, 8006]
20150814 04:27_[7178, 6970, 5308, 2508]
20150814 04:28_[5378, 4417, 9199, 6795]
20150814 04:29_[4856, 4329, 9449, 5194]
20150814 04:30_[5061, 5084, 7797, 4998]
20150814 04:31_[1788, 9193, 8922, 4802]
20150814 04:32_[2056, 2557, 2882, 6400]
20150814 04:33_[7897, 1632, 1331, 4397]
20150814 04:34_[6102, 6785, 6828, 4307]
20150814 04:35_[7415, 9798, 9941, 6541]
20150814 04:36_[5511, 9456, 7903, 3265]
20150814 04:37_[9174, 5411, 4524, 1860]
20150814 04:38_[3109, 3787, 1074, 6490]
20150814 04:39_[9553, 6347, 2361, 9412]
20150814 04:40_[6618, 7145, 2905, 7492]
20150814 04:41_[2972, 3355, 3184, 3890]
20150814 04:42_[7155, 4872, 3835, 6579]
20150814 04:43_[9549, 9734, 4006, 2552]
20150814 04:44_[2152, 1743, 2694, 8258]
20150814 04:45_[1418, 3717, 8398, 8563]
20150814 04:46_[8769, 7105, 1982, 2447]
20150814 04:47_[1699, 1424, 5561, 6072]
20150814 04:48_[4733, 2633, 9414, 5975]
20150814 04:49_[7959, 7969, 3512, 6190]
20150814 04:50_[9227, 3211, 7303, 8376]
20150814 04:51_[8317, 2538, 9601, 6981]
20150814 04:52_[9810, 8352, 6060, 5959]
20150814 04:53_[9225, 7184, 5345, 8772]
20150814 04:54_[9596, 5901, 1583, 1998]
20150814 04:55_[2245, 3275, 1472, 4335]
20150814 04:56_[4457, 4433, 1575, 5377]
20150814 04:57_[5361, 6895, 8833, 6017]
20150814 04:58_[3395, 1306, 4021, 6585]
20150814 04:59_[5013, 6880, 9357, 1188]
20150814 05:00_[2069, 4413, 2976, 9221]
20150814 05:01_[5134, 3022, 9173, 2092]
20150814 05:02_[3562, 2800, 1283, 7538]
20150814 05:03_[6890, 1858, 7162, 6728]
20150814 05:04_[2035, 1597, 4603, 8638]
20150814 05:05_[7092, 3512, 6202, 9991]
20150814 05:06_[1943, 3499, 5126, 3270]
20150814 05:07_[6223, 1612, 8977, 2043]
20150814 05:08_[2394, 3117, 5531, 2607]
20150814 05:09_[9505, 2280, 5797, 6620]
20150814 05:10_[3967, 5244, 6846, 2823]
20150814 05:11_[6249, 4583, 9151, 9975]
20150814 05:12_[8100, 1325, 6336, 9465]
20150814 05:13_[3910, 5801, 4803, 8144]
20150814 05:14_[4330, 3557, 8323, 1285]
20150814 05:15_[8478, 3924, 1571, 7379]
20150814 05:16_[8484, 4531, 8948, 9822]
20150814 05:17_[6874, 6459, 1764, 8112]
20150814 05:18_[6931, 6714, 2015, 7330]
20150814 05:19_[8704, 1600, 8647, 4170]
20150814 05:20_[2953, 9819, 5831, 2188]
20150814 05:21_[2516, 9976, 7632, 7852]
20150814 05:22_[7661, 8444, 9560, 8880]
20150814 05:23_[8959, 2679, 5776, 9989]
20150814 05:24_[9508, 4735, 2798, 9413]
20150814 05:25_[3891, 2508, 3814, 8402]
20150814 05:26_[2257, 2044, 5860, 4626]
20150814 05:27_[9690, 4505, 8637, 6244]
20150814 05:28_[9743, 4926, 7144, 2857]
20150814 05:29_[7365, 9776, 7526, 5320]
20150814 05:30_[4915, 2831, 7569, 7258]
20150814 05:31_[8305, 1963, 4513, 9486]
20150814 05:32_[3433, 2270, 3096, 9761]
20150814 05:33_[8252, 8573, 2597, 4650]
20150814 05:34_[8848, 3214, 9593, 8278]
20150814 05:35_[7794, 5404, 2336, 9542]
20150814 05:36_[9964, 8437, 8849, 1144]
20150814 05:37_[7988, 5032, 7892, 3599]
20150814 05:38_[7936, 2588, 1693, 3514]
20150814 05:39_[9083, 8376, 3477, 4319]
20150814 05:40_[8730, 2115, 4111, 6707]
20150814 05:41_[3012, 3797, 4759, 4980]
20150814 05:42_[7381, 6985, 8687, 3257]
20150814 05:43_[6473, 6458, 7503, 3637]
20150814 05:44_[8824, 3927, 1626, 8818]
20150814 05:45_[5030, 7852, 1223, 3706]
20150814 05:46_[2950, 6585, 8066, 5825]
20150814 05:47_[5962, 2934, 3473, 8173]
20150814 05:48_[1457, 4128, 8023, 5190]
20150814 05:49_[3239, 1805, 5824, 1856]
20150814 05:50_[6257, 5012, 2510, 7703]
20150814 05:51_[8033, 6234, 5844, 8710]
20150814 05:52_[2043, 6585, 9851, 9707]
20150814 05:53_[8387, 3640, 2936, 2786]
20150814 05:54_[2896, 6994, 4480, 8022]
20150814 05:55_[4277, 8671, 4540, 7651]
20150814 05:56_[9319, 9412, 2734, 9169]
20150814 05:57_[5301, 3929, 6730, 4126]
20150814 05:58_[9088, 3184, 4029, 1070]
20150814 05:59_[1447, 4036, 6966, 3481]
20150814 06:00_[4562, 6410, 6764, 9072]
20150814 06:01_[7928, 7939, 2210, 1812]
20150814 06:02_[5331, 4538, 5744, 9981]
20150814 06:03_[7511, 5690, 5294, 7023]
20150814 06:04_[5574, 9127, 6832, 1841]
20150814 06:05_[8175, 7653, 6066, 7466]
20150814 06:06_[9216, 1407, 4364, 7529]
20150814 06:07_[9367, 2228, 9680, 7790]
20150814 06:08_[8442, 5921, 2918, 8494]
20150814 06:09_[1004, 9139, 1111, 7390]
20150814 06:10_[2648, 9097, 1358, 4033]
20150814 06:11_[3371, 2455, 4807, 8483]
20150814 06:12_[9157, 8840, 5932, 4516]
20150814 06:13_[4366, 4474, 3186, 1765]
20150814 06:14_[6296, 3987, 9199, 5851]
20150814 06:15_[8021, 6405, 2765, 4070]
20150814 06:16_[4609, 1671, 2970, 7606]
20150814 06:17_[4969, 9675, 2501, 6453]
20150814 06:18_[1283, 8652, 3394, 1623]
20150814 06:19_[9260, 7968, 4513, 6948]
20150814 06:20_[1468, 5280, 9358, 4588]
20150814 06:21_[4371, 8428, 1249, 5158]
20150814 06:22_[1707, 5878, 3119, 3247]
20150814 06:23_[1810, 8611, 8576, 8677]
20150814 06:24_[2297, 1623, 5654, 8429]
20150814 06:25_[5340, 3894, 5876, 8400]
20150814 06:26_[6984, 2471, 4871, 7976]
20150814 06:27_[2167, 2059, 5280, 3734]
20150814 06:28_[1996, 7040, 3738, 2110]
20150814 06:29_[9361, 7585, 4858, 7613]
20150814 06:30_[5542, 3177, 2198, 8302]
20150814 06:31_[8928, 8237, 7572, 3901]
20150814 06:32_[6084, 4262, 8091, 8482]
20150814 06:33_[7689, 3942, 6912, 5725]
20150814 06:34_[7881, 6311, 3824, 6950]
20150814 06:35_[9718, 6879, 6143, 5714]
20150814 06:36_[7027, 3106, 6842, 5027]
20150814 06:37_[9476, 8143, 2803, 6243]
20150814 06:38_[1363, 6633, 5390, 5415]
20150814 06:39_[2927, 6249, 9504, 1689]
20150814 06:40_[4975, 4859, 3123, 2203]
20150814 06:41_[2688, 3742, 4498, 8619]
20150814 06:42_[9918, 7143, 4478, 3607]
20150814 06:43_[9147, 1894, 8266, 5522]
20150814 06:44_[8122, 8650, 8589, 9812]
20150814 06:45_[7377, 7221, 8307, 3481]
20150814 06:46_[8456, 2161, 3702, 7696]
20150814 06:47_[2298, 2702, 2491, 4764]
20150814 06:48_[1951, 7939, 1864, 2256]
20150814 06:49_[7071, 2886, 3796, 9386]
20150814 06:50_[1445, 7759, 7477, 2719]
20150814 06:51_[3329, 1557, 5863, 8988]
20150814 06:52_[9011, 6872, 7426, 5330]
20150814 06:53_[5960, 9980, 5129, 7507]
20150814 06:54_[7775, 1742, 8589, 9298]
20150814 06:55_[5734, 9171, 5633, 8384]
20150814 06:56_[9459, 4790, 6162, 1756]
20150814 06:57_[8354, 8635, 4300, 4867]
20150814 06:58_[6796, 5963, 1968, 1865]
20150814 06:59_[5729, 5053, 6294, 1473]
20150814 07:00_[7761, 1742, 2649, 9087]
20150814 07:01_[1971, 4283, 9642, 8289]
20150814 07:02_[8844, 3562, 2771, 5880]
20150814 07:03_[6414, 2598, 5633, 9542]
20150814 07:04_[9984, 4061, 2997, 9398]
20150814 07:05_[4895, 1638, 6030, 3061]
20150814 07:06_[1506, 9369, 1449, 7073]
20150814 07:07_[7652, 2675, 4251, 9185]
20150814 07:08_[2267, 2937, 5364, 3736]
20150814 07:09_[3899, 9155, 4499, 5452]
20150814 07:10_[3789, 4679, 4572, 4122]
20150814 07:11_[3608, 7883, 1459, 2536]
20150814 07:12_[5601, 7365, 9308, 9230]
20150814 07:13_[6930, 4288, 1795, 8718]
20150814 07:14_[7371, 6506, 6895, 1453]
20150814 07:15_[1778, 9226, 9657, 4762]
20150814 07:16_[6395, 8385, 2635, 6540]
20150814 07:17_[4991, 2666, 9955, 2341]
20150814 07:18_[6295, 6799, 4429, 4337]
20150814 07:19_[7669, 9837, 8826, 5856]
20150814 07:20_[8625, 7281, 9695, 9962]
20150814 07:21_[1577, 9069, 7699, 8663]
20150814 07:22_[4895, 2943, 7180, 9583]
20150814 07:23_[9128, 7518, 6022, 6829]
20150814 07:24_[5609, 1309, 6778, 9326]
20150814 07:25_[6007, 9124, 6184, 9383]
20150814 07:26_[4808, 2051, 4421, 4431]
20150814 07:27_[2526, 3722, 1414, 5239]
20150814 07:28_[7951, 5521, 1700, 1236]
20150814 07:29_[6971, 2955, 2715, 6577]
20150814 07:30_[3481, 7797, 5406, 4783]
20150814 07:31_[6384, 7619, 9355, 1124]
20150814 07:32_[1581, 1613, 7613, 5900]
20150814 07:33_[3730, 9520, 9486, 5446]
20150814 07:34_[1419, 9493, 6391, 9453]
20150814 07:35_[1267, 5486, 1329, 5755]
20150814 07:36_[6124, 3683, 4329, 8504]
20150814 07:37_[4438, 8496, 5788, 9776]
20150814 07:38_[1028, 3711, 5753, 3423]
20150814 07:39_[7980, 8976, 9493, 4010]
20150814 07:40_[8694, 2075, 6676, 5742]
20150814 07:41_[3632, 7578, 5415, 9086]
20150814 07:42_[2770, 5547, 1472, 8321]
20150814 07:43_[9436, 2222, 5379, 1829]
20150814 07:44_[5478, 1148, 8092, 6867]
20150814 07:45_[7590, 6988, 6854, 5110]
20150814 07:46_[8340, 9698, 4520, 3858]
20150814 07:47_[5793, 2111, 3696, 8197]
20150814 07:48_[7011, 2128, 1255, 1191]
20150814 07:49_[2545, 5179, 9091, 9335]
20150814 07:50_[6119, 1968, 3302, 2858]
20150814 07:51_[7115, 3169, 3059, 4904]
20150814 07:52_[5809, 8756, 9862, 3429]
20150814 07:53_[3458, 3300, 9551, 6773]
20150814 07:54_[5875, 3719, 7311, 2678]
20150814 07:55_[3555, 6009, 9336, 1132]
20150814 07:56_[9391, 6554, 3347, 9365]
20150814 07:57_[8327, 8854, 2999, 1050]
20150814 07:58_[8177, 2096, 7243, 1866]
20150814 07:59_[3121, 2477, 1633, 7483]
20150814 08:00_[7743, 3722, 1058, 2247]
20150814 08:01_[1105, 3627, 6694, 8857]
20150814 08:02_[8569, 2894, 4329, 8874]
20150814 08:03_[3489, 2575, 6501, 9280]
20150814 08:04_[6611, 6161, 8228, 3988]
20150814 08:05_[1745, 9489, 5174, 3882]
20150814 08:06_[5733, 3881, 7575, 5006]
20150814 08:07_[6780, 7089, 1866, 9339]
20150814 08:08_[6569, 1353, 9855, 8248]
20150814 08:09_[1036, 1975, 8774, 8983]
20150814 08:10_[6153, 3025, 2107, 6321]
20150814 08:11_[7050, 9146, 7223, 9661]
20150814 08:12_[9859, 7244, 3634, 8880]
20150814 08:13_[9737, 1310, 3495, 4146]
20150814 08:14_[3015, 8639, 5780, 7769]
20150814 08:15_[2886, 5658, 5484, 5799]
20150814 08:16_[8528, 6366, 4672, 3687]
20150814 08:17_[7810, 3118, 5967, 6220]
20150814 08:18_[5489, 2553, 5858, 6868]
20150814 08:19_[6493, 5818, 3026, 4064]
20150814 08:20_[2601, 2581, 5779, 3454]
20150814 08:21_[1364, 4658, 8359, 2216]
20150814 08:22_[9908, 1212, 6543, 9158]
20150814 08:23_[8781, 7129, 4047, 4219]
20150814 08:24_[2986, 3361, 6607, 8485]
20150814 08:25_[4551, 5601, 7689, 4867]
20150814 08:26_[8718, 8998, 4885, 6243]
20150814 08:27_[8505, 8911, 9804, 1457]
20150814 08:28_[8057, 9305, 9820, 3618]
20150814 08:29_[9671, 6234, 5162, 2610]
20150814 08:30_[1040, 7569, 4278, 1962]
20150814 08:31_[4345, 4996, 7050, 6052]
20150814 08:32_[2610, 8545, 4415, 2045]
20150814 08:33_[5756, 3173, 5393, 3386]
20150814 08:34_[2595, 3354, 6365, 6499]
20150814 08:35_[4057, 9627, 9924, 9599]
20150814 08:36_[9026, 8346, 7970, 1258]
20150814 08:37_[6230, 1710, 1655, 1439]
20150814 08:38_[5596, 6848, 6918, 5800]
20150814 08:39_[9161, 6291, 3478, 7329]
20150814 08:40_[4238, 5204, 3221, 4754]
20150814 08:41_[1832, 8289, 8245, 1303]
20150814 08:42_[9120, 6180, 2158, 8611]
20150814 08:43_[1906, 9386, 6168, 2407]
20150814 08:44_[4372, 9369, 9898, 2218]
20150814 08:45_[2802, 2852, 7179, 2008]
20150814 08:46_[7238, 9839, 2344, 3473]
20150814 08:47_[2848, 1675, 6159, 5027]
20150814 08:48_[5635, 7494, 7705, 9015]
20150814 08:49_[5642, 3195, 4244, 8685]
20150814 08:50_[1418, 8939, 8241, 7104]
20150814 08:51_[4887, 8941, 5483, 3660]
20150814 08:52_[5667, 9401, 5319, 7338]
20150814 08:53_[6645, 6012, 9104, 5631]
20150814 08:54_[8338, 7516, 6319, 2532]
20150814 08:55_[5120, 8806, 2738, 7629]
20150814 08:56_[4441, 8395, 7775, 9835]
20150814 08:57_[2327, 1491, 6632, 1289]
20150814 08:58_[7432, 2204, 9708, 9519]
20150814 08:59_[9253, 2448, 5243, 1829]
20150814 09:00_[4950, 5764, 7665, 8713]
20150814 09:01_[7561, 3700, 5767, 3703]
20150814 09:02_[9750, 8606, 9477, 3200]
20150814 09:03_[1945, 2875, 5288, 4371]
20150814 09:04_[1707, 1103, 9989, 7368]
20150814 09:05_[7758, 1127, 8021, 4496]
20150814 09:06_[4208, 2126, 1822, 5426]
20150814 09:07_[3927, 9570, 7822, 7353]
20150814 09:08_[3697, 5873, 5433, 1851]
20150814 09:09_[4978, 4093, 4562, 8610]
20150814 09:10_[2508, 4733, 1084, 2852]
20150814 09:11_[8223, 3720, 6532, 9575]
20150814 09:12_[5940, 9824, 8882, 1669]
20150814 09:13_[1979, 9563, 9997, 9042]
20150814 09:14_[6357, 6983, 2623, 1195]
20150814 09:15_[6465, 6033, 5121, 1700]
20150814 09:16_[7578, 2576, 4540, 8978]
20150814 09:17_[4548, 6086, 6519, 2227]
20150814 09:18_[7579, 8706, 2392, 9153]
20150814 09:19_[6868, 1344, 1291, 6960]
20150814 09:20_[4333, 3385, 7998, 7180]
20150814 09:21_[6356, 4894, 8424, 5858]
20150814 09:22_[7961, 5652, 4680, 7190]
20150814 09:23_[5031, 3507, 6940, 2174]
20150814 09:24_[6430, 4170, 8919, 8958]
20150814 09:25_[6938, 2870, 2300, 9921]
20150814 09:26_[7627, 8412, 2823, 6227]
20150814 09:27_[7160, 3248, 5997, 1163]
20150814 09:28_[2066, 6103, 9357, 2338]
20150814 09:29_[5904, 9690, 5691, 9932]
20150814 09:30_[3936, 9224, 6681, 9414]
20150814 09:31_[1754, 6110, 9925, 3092]
20150814 09:32_[9277, 4262, 7101, 4866]
20150814 09:33_[2154, 2235, 2560, 3745]
20150814 09:34_[1538, 4411, 7009, 5378]
20150814 09:35_[3783, 1622, 3255, 9369]
20150814 09:36_[7349, 1583, 9115, 4251]
20150814 09:37_[5246, 7393, 2414, 4747]
20150814 09:38_[4619, 8481, 6424, 2882]
20150814 09:39_[4139, 3189, 8503, 6203]
20150814 09:40_[2114, 9200, 6302, 5500]
20150814 09:41_[3144, 9539, 8039, 7704]
20150814 09:42_[2434, 8912, 6953, 4384]
20150814 09:43_[4119, 3594, 2815, 1953]
20150814 09:44_[6887, 1366, 6733, 5410]
20150814 09:45_[9644, 3827, 5688, 2646]
20150814 09:46_[1362, 6947, 7375, 8001]
20150814 09:47_[4834, 3956, 3425, 8930]
20150814 09:48_[8788, 8370, 6389, 4316]
20150814 09:49_[3350, 4505, 9585, 3255]
20150814 09:50_[5239, 3388, 9639, 9797]
20150814 09:51_[5155, 9155, 6163, 3117]
20150814 09:52_[7489, 9465, 5433, 1470]
20150814 09:53_[9713, 9231, 7064, 6488]
20150814 09:54_[7412, 1344, 5743, 3218]
20150814 09:55_[7498, 9146, 5708, 2816]
20150814 09:56_[3465, 7600, 5161, 2089]
20150814 09:57_[3539, 5695, 7652, 7860]
20150814 09:58_[1871, 4800, 6018, 5337]
20150814 09:59_[8796, 2110, 2318, 1566]
20150814 10:00_[3583, 3204, 3779, 8245]
20150814 10:01_[4402, 2743, 6567, 7112]
20150814 10:02_[7735, 7032, 2141, 9121]
20150814 10:03_[8655, 9624, 8958, 5811]
20150814 10:04_[8705, 3472, 1046, 6312]
20150814 10:05_[7055, 3080, 8443, 2514]
20150814 10:06_[4851, 4056, 2509, 4244]
20150814 10:07_[7491, 9014, 6335, 9467]
20150814 10:08_[4416, 3881, 9992, 7443]
20150814 10:09_[1897, 9178, 1578, 2219]
20150814 10:10_[7276, 1155, 9890, 2930]
20150814 10:11_[3879, 2798, 6309, 3487]
20150814 10:12_[7989, 2258, 3205, 1412]
20150814 10:13_[6497, 5818, 2695, 6565]
20150814 10:14_[5077, 7430, 4077, 1209]
20150814 10:15_[5851, 9773, 2097, 7157]
20150814 10:16_[8852, 8552, 4248, 1767]
20150814 10:17_[5372, 8384, 1196, 7531]
20150814 10:18_[9008, 3088, 8035, 6597]
20150814 10:19_[3758, 9756, 2793, 7824]
20150814 10:20_[5709, 7639, 1250, 7297]
20150814 10:21_[7781, 2992, 4108, 4445]
20150814 10:22_[5842, 5820, 7854, 3903]
20150814 10:23_[6261, 2639, 9070, 8904]
20150814 10:24_[5239, 7606, 2698, 1953]
20150814 10:25_[3112, 4847, 3453, 6422]
20150814 10:26_[3824, 2376, 5281, 8630]
20150814 10:27_[4198, 5899, 1915, 2034]
20150814 10:28_[4436, 6881, 3817, 9555]
20150814 10:29_[5052, 8870, 5106, 2672]
20150814 10:30_[3925, 8812, 8050, 8974]
20150814 10:31_[7169, 7595, 5669, 2204]
20150814 10:32_[7381, 3288, 5612, 6892]
20150814 10:33_[6994, 7083, 7987, 5907]
20150814 10:34_[8429, 7438, 1361, 9418]
20150814 10:35_[8159, 5468, 8155, 3892]
20150814 10:36_[9753, 7199, 7272, 1486]
20150814 10:37_[9732, 1714, 8904, 2569]
20150814 10:38_[2696, 5097, 9639, 3854]
20150814 10:39_[3162, 6958, 2838, 8485]
20150814 10:40_[9018, 3685, 3495, 5266]
20150814 10:41_[8925, 2831, 4225, 9915]
20150814 10:42_[2269, 7281, 5463, 5201]
20150814 10:43_[7250, 5262, 8051, 9309]
20150814 10:44_[6140, 9296, 8374, 7085]
20150814 10:45_[5453, 3196, 7859, 3665]
20150814 10:46_[7086, 7162, 2835, 3184]
20150814 10:47_[8812, 3794, 9864, 2090]
20150814 10:48_[2726, 7987, 1849, 1839]
20150814 10:49_[8092, 6163, 1182, 6318]
20150814 10:50_[6500, 9579, 2107, 1048]
20150814 10:51_[1912, 3023, 3076, 3370]
20150814 10:52_[7287, 9280, 9523, 7033]
20150814 10:53_[6841, 9068, 7022, 2782]
20150814 10:54_[8894, 3154, 1606, 9814]
20150814 10:55_[9625, 5078, 3957, 5899]
20150814 10:56_[3749, 6488, 8739, 9005]
20150814 10:57_[2936, 5275, 8881, 1023]
20150814 10:58_[2759, 5297, 9938, 8794]
20150814 10:59_[1164, 2613, 4095, 2529]
20150814 11:00_[4778, 2552, 6170, 9275]
20150814 11:01_[1569, 4976, 1618, 2142]
20150814 11:02_[2390, 6274, 4741, 3835]
20150814 11:03_[5845, 5920, 7817, 5617]
20150814 11:04_[1721, 1288, 6722, 5744]
20150814 11:05_[7859, 9553, 3684, 1176]
20150814 11:06_[3753, 6551, 5779, 6931]
20150814 11:07_[6184, 3381, 8897, 4266]
20150814 11:08_[5466, 3668, 4361, 9343]
20150814 11:09_[4475, 3249, 1836, 9170]
20150814 11:10_[7770, 3516, 4543, 8584]
20150814 11:11_[5362, 1125, 8425, 3243]
20150814 11:12_[3332, 5559, 4817, 4785]
20150814 11:13_[8104, 7719, 8757, 4332]
20150814 11:14_[9739, 7389, 5346, 5320]
20150814 11:15_[3926, 9251, 5174, 1806]
20150814 11:16_[6929, 8201, 7870, 1188]
20150814 11:17_[3064, 2928, 8262, 9274]
20150814 11:18_[1469, 5725, 2951, 1606]
20150814 11:19_[9472, 2972, 3466, 5414]
20150814 11:20_[6208, 6041, 5099, 8934]
20150814 11:21_[4341, 5122, 9558, 5036]
20150814 11:22_[8058, 9775, 1593, 5341]
20150814 11:23_[9087, 7765, 7890, 5654]
20150814 11:24_[4342, 3045, 8085, 7446]
20150814 11:25_[6872, 9885, 1341, 4669]
20150814 11:26_[9355, 3920, 8442, 9460]
20150814 11:27_[4689, 7360, 6751, 3400]
20150814 11:28_[9439, 9401, 2173, 5059]
20150814 11:29_[4392, 6888, 1361, 6589]
20150814 11:30_[3992, 7510, 8548, 3489]
20150814 11:31_[6467, 9282, 7568, 5656]
20150814 11:32_[2559, 7871, 3585, 1198]
20150814 11:33_[3764, 9212, 1543, 6830]
20150814 11:34_[5382, 3703, 4157, 7571]
20150814 11:35_[4836, 1973, 9919, 9238]
20150814 11:36_[9945, 5708, 8714, 8273]
20150814 11:37_[6303, 6856, 8371, 1106]
20150814 11:38_[8068, 2975, 6993, 2944]
20150814 11:39_[3934, 2113, 6936, 2062]
20150814 11:40_[4857, 8923, 7566, 3204]
20150814 11:41_[7337, 9399, 4565, 2698]
20150814 11:42_[9846, 3352, 7692, 9184]
20150814 11:43_[3667, 7517, 9532, 3638]
20150814 11:44_[1377, 1636, 6174, 8745]
20150814 11:45_[5212, 3100, 8216, 7984]
20150814 11:46_[6153, 1894, 7860, 6285]
20150814 11:47_[7909, 3999, 5203, 3244]
20150814 11:48_[5180, 6494, 8104, 3085]
20150814 11:49_[6293, 7211, 7252, 2951]
20150814 11:50_[2365, 2893, 3613, 1614]
20150814 11:51_[6093, 9485, 8134, 4683]
20150814 11:52_[4855, 4367, 4711, 8300]
20150814 11:53_[3396, 6459, 9309, 2690]
20150814 11:54_[6324, 3653, 1050, 4702]
20150814 11:55_[3524, 4820, 2655, 9887]
20150814 11:56_[6539, 8696, 7857, 1429]
20150814 11:57_[6918, 5106, 5527, 2474]
20150814 11:58_[8842, 4370, 6462, 3000]
20150814 11:59_[3917, 7111, 3259, 3670]
20150814 12:00_[6565, 5210, 6768, 3534]
20150814 12:01_[3949, 1159, 5026, 4043]
20150814 12:02_[6172, 4874, 4202, 8490]
20150814 12:03_[6732, 5918, 8637, 6473]
20150814 12:04_[3489, 1168, 8665, 1636]
20150814 12:05_[6570, 1444, 2522, 5857]
20150814 12:06_[9163, 6629, 9113, 5914]
20150814 12:07_[7392, 5652, 1545, 1072]
20150814 12:08_[4352, 5131, 6944, 8057]
20150814 12:09_[6715, 9958, 8228, 5370]
20150814 12:10_[8447, 4909, 6221, 3735]
20150814 12:11_[2237, 9319, 3536, 3122]
20150814 12:12_[8049, 9174, 2668, 8395]
20150814 12:13_[9124, 9230, 3197, 6943]
20150814 12:14_[8360, 6943, 1564, 3080]
20150814 12:15_[4844, 1223, 5536, 7582]
20150814 12:16_[3727, 4905, 6593, 6526]
20150814 12:17_[8559, 3624, 9278, 9531]
20150814 12:18_[2909, 5929, 6297, 8344]
20150814 12:19_[7898, 4367, 1944, 6374]
20150814 12:20_[5822, 6408, 8010, 3311]
20150814 12:21_[5983, 8366, 2635, 4302]
20150814 12:22_[7623, 7836, 6461, 2931]
20150814 12:23_[5493, 4282, 7499, 9224]
20150814 12:24_[7722, 1474, 5115, 8500]
20150814 12:25_[6487, 1418, 1885, 9974]
20150814 12:26_[1059, 1801, 8876, 9366]
20150814 12:27_[4148, 2689, 6464, 8419]
20150814 12:28_[7017, 2086, 4753, 4211]
20150814 12:29_[1514, 7851, 2778, 5994]
20150814 12:30_[7376, 8366, 7072, 7140]
20150814 12:31_[3260, 9341, 3487, 8052]
20150814 12:32_[4864, 5119, 9109, 6569]
20150814 12:33_[5335, 5031, 5883, 7778]
20150814 12:34_[9848, 1474, 6741, 4563]
20150814 12:35_[2294, 6257, 6445, 8827]
20150814 12:36_[6174, 2462, 9998, 6075]
20150814 12:37_[8153, 2968, 1738, 1697]
20150814 12:38_[3857, 4140, 7261, 4268]
20150814 12:39_[3315, 4227, 4847, 7293]
20150814 12:40_[1860, 6580, 8069, 4082]
20150814 12:41_[9365, 3950, 5904, 5001]
20150814 12:42_[9821, 6816, 8531, 8931]
20150814 12:43_[8743, 3075, 8808, 4752]
20150814 12:44_[4674, 5579, 4883, 4771]
20150814 12:45_[5062, 9649, 3155, 7700]
20150814 12:46_[5018, 3919, 6148, 2543]
20150814 12:47_[4921, 6901, 5160, 8270]
20150814 12:48_[2229, 4139, 7728, 4669]
20150814 12:49_[1970, 2692, 3653, 6898]
20150814 12:50_[7541, 4456, 5657, 1018]
20150814 12:51_[9881, 3899, 5027, 1125]
20150814 12:52_[5428, 7404, 1329, 7662]
20150814 12:53_[4234, 3907, 2478, 1956]
20150814 12:54_[9343, 5812, 1038, 5921]
20150814 12:55_[2367, 9391, 4014, 5980]
20150814 12:56_[8002, 6600, 8398, 5505]
20150814 12:57_[9676, 2589, 4398, 8377]
20150814 12:58_[4075, 4649, 1508, 2316]
20150814 12:59_[8094, 1277, 1907, 4917]
20150814 13:00_[8351, 9809, 2872, 2359]
20150814 13:01_[9734, 8084, 7454, 4544]
20150814 13:02_[7938, 4458, 7725, 5060]
20150814 13:03_[5196, 6788, 2035, 4500]
20150814 13:04_[4649, 9016, 7524, 1513]
20150814 13:05_[8212, 7271, 6305, 4354]
20150814 13:06_[7524, 6723, 3838, 1771]
20150814 13:07_[9179, 5410, 9310, 9397]
20150814 13:08_[5053, 8644, 3403, 6782]
20150814 13:09_[1012, 6039, 1070, 3938]
20150814 13:10_[1430, 7344, 6884, 1316]
20150814 13:11_[9967, 5292, 8550, 9148]
20150814 13:12_[1611, 6080, 5657, 8588]
20150814 13:13_[3524, 5628, 4278, 2858]
20150814 13:14_[1138, 6403, 5906, 9428]
20150814 13:15_[6840, 8078, 1902, 9467]
20150814 13:16_[2894, 8997, 4761, 3140]
20150814 13:17_[3695, 8030, 3857, 4105]
20150814 13:18_[2481, 1024, 3096, 5895]
20150814 13:19_[7693, 4434, 8117, 6596]
20150814 13:20_[3869, 4432, 3079, 3582]
20150814 13:21_[1759, 8180, 6399, 4535]
20150814 13:22_[6202, 4160, 4328, 9224]
20150814 13:23_[9304, 2411, 7528, 4143]
20150814 13:24_[2289, 5191, 8189, 5392]
20150814 13:25_[3971, 5011, 1985, 1052]
20150814 13:26_[7046, 8578, 4625, 5886]
20150814 13:27_[2781, 8191, 3423, 7073]
20150814 13:28_[1548, 3518, 7730, 3279]
20150814 13:29_[5396, 3941, 6539, 1642]
20150814 13:30_[2308, 3359, 2660, 6385]
20150814 13:31_[4454, 7047, 2074, 3308]
20150814 13:32_[4977, 1451, 7319, 1378]
20150814 13:33_[3706, 1540, 5775, 6062]
20150814 13:34_[5042, 7899, 4903, 6524]
20150814 13:35_[5173, 7972, 3831, 8098]
20150814 13:36_[9241, 6716, 4245, 4899]
20150814 13:37_[1711, 8323, 5055, 4410]
20150814 13:38_[2219, 2008, 2918, 6324]
20150814 13:39_[9117, 3852, 3853, 8621]
20150814 13:40_[2771, 2395, 9808, 1335]
20150814 13:41_[6884, 5438, 8220, 8987]
20150814 13:42_[7542, 7284, 9064, 6963]
20150814 13:43_[3439, 4898, 9235, 3317]
20150814 13:44_[3743, 5364, 2187, 6554]
20150814 13:45_[3712, 9317, 4252, 6052]
20150814 13:46_[6569, 5480, 5027, 6357]
20150814 13:47_[4586, 5290, 8939, 3055]
20150814 13:48_[5131, 5849, 6977, 7155]
20150814 13:49_[7961, 1145, 2249, 8673]
20150814 13:50_[9802, 9906, 1875, 8543]
20150814 13:51_[3476, 8232, 3128, 1600]
20150814 13:52_[5853, 4172, 8177, 1336]
20150814 13:53_[5403, 3210, 2501, 8878]
20150814 13:54_[7491, 1039, 2176, 4236]
20150814 13:55_[6957, 3290, 2283, 1974]
20150814 13:56_[9374, 5634, 5247, 3608]
20150814 13:57_[4488, 2650, 4116, 6442]
20150814 13:58_[4762, 3191, 3512, 9205]
20150814 13:59_[6035, 9330, 5704, 2567]
20150814 14:00_[6101, 6861, 8625, 8213]
20150814 14:01_[5833, 2138, 5168, 6149]
20150814 14:02_[6099, 5420, 5592, 2678]
20150814 14:03_[8558, 4266, 2372, 3122]
20150814 14:04_[6297, 7584, 2434, 2109]
20150814 14:05_[5462, 1256, 7891, 3277]
20150814 14:06_[1184, 7584, 9735, 6815]
20150814 14:07_[3177, 3816, 2248, 6486]
20150814 14:08_[7549, 3371, 7600, 2392]
20150814 14:09_[2770, 2791, 8354, 3177]
20150814 14:10_[7143, 1194, 6858, 7621]
20150814 14:11_[9374, 8494, 9668, 6818]
20150814 14:12_[5205, 4463, 7949, 7002]
20150814 14:13_[2351, 9896, 8923, 2310]
20150814 14:14_[7269, 4695, 6423, 8377]
20150814 14:15_[4105, 9017, 7851, 1651]
20150814 14:16_[9894, 5327, 5910, 9119]
20150814 14:17_[2168, 8105, 3488, 5014]
20150814 14:18_[5325, 4976, 2832, 6240]
20150814 14:19_[5516, 6887, 8794, 6125]
20150814 14:20_[6367, 6413, 7388, 2639]
20150814 14:21_[1006, 8354, 6244, 5025]
20150814 14:22_[8204, 5057, 3619, 9905]
20150814 14:23_[8155, 4665, 7488, 1044]
20150814 14:24_[5281, 5653, 6826, 9745]
20150814 14:25_[8337, 5349, 2331, 2517]
20150814 14:26_[4410, 2343, 4461, 2189]
20150814 14:27_[2117, 4925, 8818, 9220]
20150814 14:28_[7217, 5616, 9415, 1287]
20150814 14:29_[4732, 4613, 4726, 6530]
20150814 14:30_[8368, 5301, 5396, 7663]
20150814 14:31_[2123, 9036, 4773, 1943]
20150814 14:32_[6332, 1278, 8639, 2917]
20150814 14:33_[9811, 9551, 2004, 1163]
20150814 14:34_[6292, 7207, 4074, 1062]
20150814 14:35_[5920, 1741, 4110, 4440]
20150814 14:36_[9086, 8395, 5866, 8865]
20150814 14:37_[3873, 9732, 5674, 8431]
20150814 14:38_[8643, 9187, 2826, 9679]
20150814 14:39_[3142, 2674, 8667, 9748]
20150814 14:40_[5224, 4414, 5011, 1010]
20150814 14:41_[8936, 5179, 2172, 4857]
20150814 14:42_[4698, 7393, 2318, 9344]
20150814 14:43_[7800, 4613, 3573, 7941]
20150814 14:44_[6477, 9049, 5317, 7246]
20150814 14:45_[5601, 8565, 1573, 8756]
20150814 14:46_[5922, 9851, 2449, 8545]
20150814 14:47_[7829, 4846, 1191, 7659]
20150814 14:48_[2546, 9416, 5647, 5918]
20150814 14:49_[9473, 5182, 1870, 1718]
20150814 14:50_[7548, 2734, 1772, 6621]
20150814 14:51_[5465, 8388, 5964, 7745]
20150814 14:52_[2628, 3798, 1178, 5232]
20150814 14:53_[4840, 5562, 1451, 4725]
20150814 14:54_[8290, 2832, 7670, 9251]
20150814 14:55_[1575, 5938, 7266, 6838]
20150814 14:56_[6330, 3715, 4972, 9099]
20150814 14:57_[7381, 4798, 2265, 9422]
20150814 14:58_[4029, 2063, 8002, 9814]
20150814 14:59_[9601, 6430, 1329, 5665]
20150814 15:00_[2226, 9216, 9519, 5741]
20150814 15:01_[6003, 1867, 5169, 3347]
20150814 15:02_[6909, 2948, 8472, 5039]
20150814 15:03_[4476, 1522, 5030, 1213]
20150814 15:04_[9271, 5562, 2025, 4739]
20150814 15:05_[1729, 5970, 5227, 7046]
20150814 15:06_[4883, 7458, 8329, 2566]
20150814 15:07_[9450, 5696, 5623, 7359]
20150814 15:08_[8167, 5511, 6069, 1653]
20150814 15:09_[9870, 9339, 6246, 5891]
20150814 15:10_[3168, 4303, 3306, 7343]
20150814 15:11_[8303, 9269, 5111, 2245]
20150814 15:12_[5106, 6718, 9545, 6476]
20150814 15:13_[2729, 9088, 3750, 4848]
20150814 15:14_[5378, 2381, 9423, 6715]
20150814 15:15_[7065, 4426, 3980, 5970]
20150814 15:16_[2319, 4056, 3690, 2550]
20150814 15:17_[8007, 1211, 6289, 6259]
20150814 15:18_[7304, 8306, 4715, 6505]
20150814 15:19_[6006, 5499, 2045, 7752]
20150814 15:20_[8066, 3544, 2365, 2615]
20150814 15:21_[4362, 1219, 6596, 6733]
20150814 15:22_[7549, 1095, 4479, 2262]
20150814 15:23_[9504, 7239, 5404, 8665]
20150814 15:24_[9492, 3508, 1456, 7033]
20150814 15:25_[3744, 3204, 7932, 8197]
20150814 15:26_[4729, 5244, 8495, 7089]
20150814 15:27_[9631, 9565, 2815, 7707]
20150814 15:28_[7039, 1123, 1806, 6118]
20150814 15:29_[9877, 1231, 9469, 9168]
20150814 15:30_[3193, 5923, 9148, 5606]
20150814 15:31_[9547, 3263, 4266, 9041]
20150814 15:32_[9303, 5878, 1468, 1038]
20150814 15:33_[9038, 2400, 9251, 2317]
20150814 15:34_[9396, 6754, 1327, 5270]
20150814 15:35_[4308, 6773, 4886, 1093]
20150814 15:36_[5308, 7586, 8265, 6552]
20150814 15:37_[1405, 3421, 7689, 2131]
20150814 15:38_[7541, 2294, 5421, 4686]
20150814 15:39_[9279, 3899, 8418, 7724]
20150814 15:40_[9155, 7552, 8171, 2894]
20150814 15:41_[5073, 7804, 3032, 9872]
20150814 15:42_[5262, 2069, 9199, 4911]
20150814 15:43_[2286, 8028, 6529, 9334]
20150814 15:44_[2771, 6230, 3754, 4917]
20150814 15:45_[7241, 8754, 1015, 8420]
20150814 15:46_[7680, 5504, 2071, 6164]
20150814 15:47_[6504, 1893, 7691, 5085]
20150814 15:48_[6264, 4984, 5250, 5668]
20150814 15:49_[9319, 8485, 4511, 6839]
20150814 15:50_[3600, 8975, 4891, 5701]
20150814 15:51_[1190, 4455, 7843, 3401]
20150814 15:52_[3960, 2476, 3434, 7256]
20150814 15:53_[9858, 5616, 5252, 9009]
20150814 15:54_[1629, 8595, 4101, 5526]
20150814 15:55_[1582, 3947, 2030, 4802]
20150814 15:56_[5412, 1718, 9193, 2653]
20150814 15:57_[6406, 2244, 4674, 6565]
20150814 15:58_[5227, 4717, 1358, 6142]
20150814 15:59_[5372, 5989, 3393, 9307]
20150814 16:00_[2124, 4747, 9417, 9752]
20150814 16:01_[3489, 2008, 1961, 6155]
20150814 16:02_[7489, 2261, 1238, 7445]
20150814 16:03_[5480, 5959, 2482, 2833]
20150814 16:04_[8019, 9592, 1581, 4160]
20150814 16:05_[9454, 9719, 1180, 8071]
20150814 16:06_[5262, 7887, 3637, 6226]
20150814 16:07_[6264, 9971, 1917, 8567]
20150814 16:08_[3119, 2022, 6384, 4565]
20150814 16:09_[6514, 6677, 6736, 9783]
20150814 16:10_[8843, 3918, 1320, 1077]
20150814 16:11_[6087, 4597, 2797, 9438]
20150814 16:12_[2533, 5604, 5757, 9022]
20150814 16:13_[1717, 7641, 8915, 8367]
20150814 16:14_[9009, 9275, 1814, 2791]
20150814 16:15_[4060, 7591, 8073, 8383]
20150814 16:16_[1708, 4400, 2327, 2177]
20150814 16:17_[9620, 4319, 8004, 9867]
20150814 16:18_[6819, 8530, 8386, 1632]
20150814 16:19_[9135, 4451, 6148, 1087]
20150814 16:20_[9783, 1743, 2261, 6871]
20150814 16:21_[8320, 6186, 2270, 6411]
20150814 16:22_[6829, 2791, 7915, 2616]
20150814 16:23_[3752, 6701, 5491, 2660]
20150814 16:24_[4759, 2693, 8191, 3278]
20150814 16:25_[9708, 9258, 3524, 2755]
20150814 16:26_[5612, 2705, 3362, 3951]
20150814 16:27_[2986, 6557, 7395, 1972]
20150814 16:28_[3679, 1873, 3152, 9655]
20150814 16:29_[9576, 9917, 4278, 3986]
20150814 16:30_[7566, 5091, 8049, 7021]
20150814 16:31_[7957, 6597, 7101, 2247]
20150814 16:32_[7615, 3965, 1733, 8912]
20150814 16:33_[9214, 4076, 8158, 6172]
20150814 16:34_[3592, 4415, 7382, 7982]
20150814 16:35_[2062, 8268, 9605, 6842]
20150814 16:36_[5979, 9433, 1549, 6476]
20150814 16:37_[2873, 2215, 9155, 5935]
20150814 16:38_[4875, 5654, 8262, 2814]
20150814 16:39_[4181, 7487, 7789, 8089]
20150814 16:40_[1570, 3072, 2319, 3280]
20150814 16:41_[8889, 5857, 4117, 6019]
20150814 16:42_[4671, 1321, 3437, 8924]
20150814 16:43_[4816, 9640, 2759, 7162]
20150814 16:44_[8389, 3259, 1381, 7054]
20150814 16:45_[2799, 8872, 6536, 7794]
20150814 16:46_[4899, 9404, 6021, 8233]
20150814 16:47_[7122, 7803, 4195, 8609]
20150814 16:48_[4718, 4569, 7511, 3774]
20150814 16:49_[6195, 2192, 3729, 1960]
20150814 16:50_[3027, 7399, 8100, 7056]
20150814 16:51_[5880, 5201, 8598, 8154]
20150814 16:52_[7579, 6512, 4652, 7034]
20150814 16:53_[9504, 2836, 5024, 6298]
20150814 16:54_[9865, 4559, 7592, 9343]
20150814 16:55_[8094, 5733, 1137, 1275]
20150814 16:56_[2313, 7541, 6018, 6348]
20150814 16:57_[5786, 2446, 3798, 6687]
20150814 16:58_[3332, 3293, 2984, 5043]
20150814 16:59_[3182, 2543, 5799, 7095]
20150814 17:00_[9204, 2876, 9207, 4414]
20150814 17:01_[1356, 5889, 6729, 4322]
20150814 17:02_[9181, 1158, 1732, 8269]
20150814 17:03_[9492, 4595, 2717, 8486]
20150814 17:04_[8522, 8014, 3918, 4946]
20150814 17:05_[2534, 4036, 4780, 3976]
20150814 17:06_[5895, 4809, 9374, 2186]
20150814 17:07_[3838, 9884, 2996, 2541]
20150814 17:08_[2109, 8777, 2856, 1892]
20150814 17:09_[7899, 2298, 3457, 8605]
20150814 17:10_[9314, 1684, 6137, 5339]
20150814 17:11_[6738, 4395, 5743, 2043]
20150814 17:12_[6831, 6231, 7636, 3352]
20150814 17:13_[5409, 7419, 5257, 2845]
20150814 17:14_[6461, 8043, 7264, 1756]
20150814 17:15_[1607, 5631, 8557, 4941]
20150814 17:16_[5183, 5594, 7933, 4597]
20150814 17:17_[8688, 2889, 3328, 3633]
20150814 17:18_[1753, 1823, 5037, 4350]
20150814 17:19_[1704, 3160, 3169, 4615]
20150814 17:20_[2115, 6654, 2947, 8073]
20150814 17:21_[1953, 4751, 1066, 9077]
20150814 17:22_[9663, 6530, 6653, 5360]
20150814 17:23_[2333, 2154, 5609, 8278]
20150814 17:24_[2228, 9033, 4569, 6527]
20150814 17:25_[9254, 2219, 4195, 5454]
20150814 17:26_[8000, 6593, 1469, 5156]
20150814 17:27_[3109, 7684, 6643, 9109]
20150814 17:28_[9515, 1764, 3834, 4945]
20150814 17:29_[6331, 3061, 8289, 2569]
20150814 17:30_[5186, 8004, 2193, 7119]
20150814 17:31_[2996, 6727, 7283, 6848]
20150814 17:32_[1801, 4570, 7794, 6036]
20150814 17:33_[3897, 7715, 8351, 4339]
20150814 17:34_[9005, 5861, 1576, 6402]
20150814 17:35_[2874, 3186, 7163, 5997]
20150814 17:36_[8797, 6450, 1468, 1896]
20150814 17:37_[3851, 4599, 4569, 5522]
20150814 17:38_[3105, 5593, 6138, 5646]
20150814 17:39_[2958, 5038, 3221, 5406]
20150814 17:40_[3168, 2501, 9174, 6262]
20150814 17:41_[1462, 8327, 8904, 4039]
20150814 17:42_[7148, 5288, 3891, 7753]
20150814 17:43_[1248, 1699, 4059, 4406]
20150814 17:44_[4521, 6103, 7530, 8858]
20150814 17:45_[5480, 7318, 4762, 3467]
20150814 17:46_[3052, 1718, 7795, 5420]
20150814 17:47_[7941, 2977, 4621, 6994]
20150814 17:48_[1823, 9274, 8372, 5457]
20150814 17:49_[3995, 7365, 2850, 6670]
20150814 17:50_[2473, 6085, 4793, 6334]
20150814 17:51_[4762, 4147, 3771, 2195]
20150814 17:52_[1410, 4672, 9924, 4476]
20150814 17:53_[7823, 1340, 8559, 3487]
20150814 17:54_[9041, 2763, 9381, 1087]
20150814 17:55_[6513, 2783, 2030, 7801]
20150814 17:56_[4633, 6142, 2875, 7175]
20150814 17:57_[1833, 2882, 3205, 2340]
20150814 17:58_[6990, 5134, 3006, 2976]
20150814 17:59_[2676, 9167, 6802, 7165]
20150814 18:00_[5787, 7661, 4481, 2841]
20150814 18:01_[2445, 4249, 1563, 7504]
20150814 18:02_[4989, 3271, 8187, 3927]
20150814 18:03_[8181, 5968, 1175, 9300]
20150814 18:04_[6798, 9779, 2076, 7915]
20150814 18:05_[9929, 2855, 7375, 6082]
20150814 18:06_[1474, 4120, 9312, 9217]
20150814 18:07_[7446, 2771, 5711, 8935]
20150814 18:08_[7037, 6195, 1521, 2832]
20150814 18:09_[7657, 5279, 7452, 9594]
20150814 18:10_[5889, 6624, 1349, 5586]
20150814 18:11_[6712, 8608, 4924, 4478]
20150814 18:12_[8226, 2600, 7965, 6186]
20150814 18:13_[5788, 6605, 5089, 2203]
20150814 18:14_[3747, 2597, 6680, 6986]
20150814 18:15_[4561, 8259, 1892, 1291]
20150814 18:16_[5598, 2738, 7380, 5311]
20150814 18:17_[6216, 1068, 3299, 5592]
20150814 18:18_[6823, 3542, 7842, 8859]
20150814 18:19_[3969, 4561, 1941, 5959]
20150814 18:20_[8389, 4709, 3366, 6831]
20150814 18:21_[6200, 3147, 2164, 7699]
20150814 18:22_[5031, 3033, 2012, 8489]
20150814 18:23_[3074, 9738, 3488, 5998]
20150814 18:24_[4351, 9068, 4346, 2828]
20150814 18:25_[3475, 9484, 6981, 6036]
20150814 18:26_[7137, 7110, 5371, 9415]
20150814 18:27_[2742, 3184, 1447, 7428]
20150814 18:28_[7969, 8919, 7634, 7583]
20150814 18:29_[7096, 5008, 7435, 3540]
20150814 18:30_[5028, 6468, 4021, 5484]
20150814 18:31_[8590, 9395, 9393, 6217]
20150814 18:32_[9462, 3697, 3503, 7681]
20150814 18:33_[2874, 5796, 9314, 6246]
20150814 18:34_[7378, 6141, 2417, 4529]
20150814 18:35_[1037, 5547, 3366, 3425]
20150814 18:36_[5288, 6005, 2382, 6648]
20150814 18:37_[1685, 3625, 2854, 5068]
20150814 18:38_[3190, 1288, 2130, 1485]
20150814 18:39_[5597, 2333, 8892, 1996]
20150814 18:40_[7354, 5411, 8893, 7639]
20150814 18:41_[7239, 8368, 2955, 2028]
20150814 18:42_[4389, 3169, 3671, 9371]
20150814 18:43_[3630, 7675, 7105, 5111]
20150814 18:44_[9180, 3691, 8502, 6723]
20150814 18:45_[7916, 7707, 2387, 2472]
20150814 18:46_[4812, 8969, 8077, 7109]
20150814 18:47_[3578, 6578, 6190, 4453]
20150814 18:48_[6232, 2959, 4736, 5254]
20150814 18:49_[2919, 1315, 9601, 4432]
20150814 18:50_[7118, 8126, 3354, 1229]
20150814 18:51_[6151, 3179, 4083, 6347]
20150814 18:52_[4448, 2308, 3702, 3572]
20150814 18:53_[4603, 2525, 2052, 8268]
20150814 18:54_[2156, 1424, 3674, 2860]
20150814 18:55_[5424, 4031, 1004, 2990]
20150814 18:56_[3567, 7099, 8961, 4082]
20150814 18:57_[6639, 8233, 5873, 1305]
20150814 18:58_[3166, 7836, 5904, 3010]
20150814 18:59_[1196, 9569, 1087, 8217]
20150814 19:00_[6881, 1394, 4707, 9462]
20150814 19:01_[3452, 1135, 4815, 9852]
20150814 19:02_[6620, 6927, 8410, 3878]
20150814 19:03_[1876, 4215, 9465, 8459]
20150814 19:04_[1841, 3508, 6574, 4609]
20150814 19:05_[3427, 2922, 1048, 2506]
20150814 19:06_[2376, 2708, 3172, 2931]
20150814 19:07_[7686, 7373, 2169, 8227]
20150814 19:08_[7960, 3595, 9624, 2430]
20150814 19:09_[9176, 4017, 4134, 5527]
20150814 19:10_[1193, 9999, 6544, 5011]
20150814 19:11_[9591, 8729, 7565, 3235]
20150814 19:12_[1021, 4559, 9384, 5817]
20150814 19:13_[8587, 8629, 9594, 7186]
20150814 19:14_[8048, 4354, 8480, 9890]
20150814 19:15_[9684, 7901, 7826, 4296]
20150814 19:16_[8077, 6266, 6784, 8818]
20150814 19:17_[6065, 6906, 3669, 8214]
20150814 19:18_[5506, 1972, 1091, 6110]
20150814 19:19_[7593, 3616, 3956, 7781]
20150814 19:20_[5163, 6085, 8727, 5175]
20150814 19:21_[2165, 9242, 2930, 8766]
20150814 19:22_[9036, 3941, 9011, 8191]
20150814 19:23_[5597, 1353, 4749, 4764]
20150814 19:24_[5087, 6128, 6397, 8764]
20150814 19:25_[4720, 7962, 1884, 1571]
20150814 19:26_[9690, 8851, 2112, 5181]
20150814 19:27_[2214, 6941, 2613, 8605]
20150814 19:28_[3483, 2196, 5317, 4343]
20150814 19:29_[3774, 1050, 6898, 3983]
20150814 19:30_[3008, 9448, 3904, 3896]
20150814 19:31_[8342, 8995, 3027, 2857]
20150814 19:32_[5712, 6129, 6929, 2560]
20150814 19:33_[5532, 2547, 1119, 7331]
20150814 19:34_[4476, 1109, 6430, 8487]
20150814 19:35_[6787, 2303, 1515, 6255]
20150814 19:36_[3312, 5775, 6717, 4878]
20150814 19:37_[9823, 8395, 5897, 2212]
20150814 19:38_[3679, 3797, 9678, 4243]
20150814 19:39_[6833, 7501, 9236, 5021]
20150814 19:40_[8139, 9254, 1826, 3037]
20150814 19:41_[8884, 5179, 8304, 2963]
20150814 19:42_[9101, 8003, 9715, 3067]
20150814 19:43_[8611, 2974, 4144, 8894]
20150814 19:44_[1240, 6214, 3620, 2223]
20150814 19:45_[9078, 4920, 5927, 2203]
20150814 19:46_[1639, 7559, 4030, 1391]
20150814 19:47_[3808, 7626, 4422, 6112]
20150814 19:48_[5601, 4661, 4463, 3425]
20150814 19:49_[9288, 8042, 9405, 6072]
20150814 19:50_[6770, 8405, 6162, 3195]
20150814 19:51_[6314, 7518, 9348, 9859]
20150814 19:52_[2720, 8485, 3808, 5693]
20150814 19:53_[5167, 7789, 4707, 4978]
20150814 19:54_[4872, 2353, 8657, 6510]
20150814 19:55_[2773, 2420, 7171, 9962]
20150814 19:56_[8235, 7494, 6569, 7635]
20150814 19:57_[3247, 4547, 7745, 3884]
20150814 19:58_[4517, 3536, 6195, 4720]
20150814 19:59_[8624, 5749, 8061, 1855]
20150814 20:00_[2681, 8033, 4191, 1950]
20150814 20:01_[9567, 4404, 5147, 8247]
20150814 20:02_[4792, 3105, 9775, 3108]
20150814 20:03_[8829, 8848, 3723, 3591]
20150814 20:04_[7315, 8868, 8447, 3763]
20150814 20:05_[1251, 9234, 8827, 1249]
20150814 20:06_[5551, 2018, 4868, 4467]
20150814 20:07_[2004, 3287, 9784, 8759]
20150814 20:08_[7002, 2052, 2050, 7455]
20150814 20:09_[4298, 2814, 9545, 6310]
20150814 20:10_[9252, 3326, 1469, 8823]
20150814 20:11_[4039, 3754, 6088, 1922]
20150814 20:12_[1672, 9863, 6485, 3878]
20150814 20:13_[7130, 6210, 4154, 4650]
20150814 20:14_[1380, 6049, 2328, 2661]
20150814 20:15_[7042, 2822, 5450, 6376]
20150814 20:16_[8298, 6012, 8005, 6858]
20150814 20:17_[2191, 6500, 9848, 6901]
20150814 20:18_[1312, 2067, 3711, 8941]
20150814 20:19_[1630, 1512, 6386, 7777]
20150814 20:20_[9208, 4526, 6697, 9028]
20150814 20:21_[9153, 6646, 6593, 7061]
20150814 20:22_[3566, 3878, 5202, 5306]
20150814 20:23_[8262, 7390, 9590, 5485]
20150814 20:24_[6189, 9134, 1147, 6609]
20150814 20:25_[5597, 4782, 7403, 7458]
20150814 20:26_[4950, 2994, 1116, 7980]
20150814 20:27_[7590, 6432, 8952, 7807]
20150814 20:28_[1814, 9431, 7242, 4085]
20150814 20:29_[5370, 3074, 4185, 3451]
20150814 20:30_[9852, 2071, 7058, 4514]
20150814 20:31_[8711, 4642, 9924, 1176]
20150814 20:32_[9855, 6553, 9768, 4303]
20150814 20:33_[7677, 8595, 5397, 1475]
20150814 20:34_[5156, 8925, 5874, 9991]
20150814 20:35_[5937, 4884, 3623, 4095]
20150814 20:36_[6774, 1146, 4640, 9593]
20150814 20:37_[7079, 5513, 5855, 5948]
20150814 20:38_[7934, 5058, 7636, 8794]
20150814 20:39_[8917, 5417, 9684, 2010]
20150814 20:40_[9699, 9186, 6363, 2367]
20150814 20:41_[4555, 6603, 7212, 9627]
20150814 20:42_[5629, 5801, 1912, 3228]
20150814 20:43_[8518, 4702, 8904, 3833]
20150814 20:44_[2787, 2656, 2927, 6532]
20150814 20:45_[5196, 5374, 6911, 1361]
20150814 20:46_[2597, 5354, 4769, 5956]
20150814 20:47_[9330, 5731, 9212, 1378]
20150814 20:48_[8044, 9363, 7078, 3627]
20150814 20:49_[4424, 7662, 7560, 3703]
20150814 20:50_[5104, 5393, 2384, 3843]
20150814 20:51_[7331, 4908, 8219, 4129]
20150814 20:52_[2322, 8873, 1748, 8318]
20150814 20:53_[2732, 2482, 5611, 3763]
20150814 20:54_[4359, 3736, 1046, 3457]
20150814 20:55_[4324, 3272, 2104, 8738]
20150814 20:56_[8598, 4931, 6474, 5176]
20150814 20:57_[9915, 9534, 6614, 6330]
20150814 20:58_[3225, 2655, 9864, 8829]
20150814 20:59_[2664, 5538, 9287, 3034]
20150814 21:00_[8743, 3257, 3498, 4550]
20150814 21:01_[2037, 1221, 8679, 6103]
20150814 21:02_[5707, 6271, 9201, 4906]
20150814 21:03_[4988, 9764, 5492, 5276]
20150814 21:04_[6279, 2067, 9337, 1984]
20150814 21:05_[8051, 2706, 5920, 8588]
20150814 21:06_[2388, 7966, 3098, 6328]
20150814 21:07_[7056, 1314, 7941, 1165]
20150814 21:08_[1810, 3000, 4209, 3002]
20150814 21:09_[6687, 2277, 8750, 1893]
20150814 21:10_[2492, 4663, 7818, 7692]
20150814 21:11_[4646, 2984, 7574, 7348]
20150814 21:12_[5523, 1246, 5873, 6986]
20150814 21:13_[6547, 4910, 9121, 4199]
20150814 21:14_[6243, 2267, 1083, 9650]
20150814 21:15_[7657, 4251, 6369, 5220]
20150814 21:16_[8636, 9708, 7434, 4740]
20150814 21:17_[7095, 8801, 9323, 9070]
20150814 21:18_[5015, 4216, 1210, 6185]
20150814 21:19_[3157, 4797, 8956, 4351]
20150814 21:20_[7990, 2348, 4765, 4556]
20150814 21:21_[6369, 6571, 7502, 1509]
20150814 21:22_[4489, 8432, 9288, 7654]
20150814 21:23_[2441, 2741, 4925, 4474]
20150814 21:24_[1234, 8601, 6825, 6011]
20150814 21:25_[3947, 1831, 9264, 6163]
20150814 21:26_[7492, 4425, 1349, 5290]
20150814 21:27_[1186, 3097, 8835, 4586]
20150814 21:28_[6216, 9363, 8499, 7890]
20150814 21:29_[1015, 8691, 3964, 1305]
20150814 21:30_[9446, 2453, 2504, 8342]
20150814 21:31_[2168, 6942, 2375, 8762]
20150814 21:32_[2005, 1517, 7243, 7184]
20150814 21:33_[8912, 1813, 4423, 5724]
20150814 21:34_[5672, 5507, 4459, 5095]
20150814 21:35_[4184, 3226, 9534, 7526]
20150814 21:36_[5309, 8078, 5993, 7218]
20150814 21:37_[2702, 5846, 8781, 9335]
20150814 21:38_[2829, 9678, 2895, 5394]
20150814 21:39_[3465, 8128, 8024, 6961]
20150814 21:40_[8731, 9101, 5206, 7578]
20150814 21:41_[9553, 5360, 2911, 8823]
20150814 21:42_[7869, 1286, 2842, 4399]
20150814 21:43_[6259, 6549, 2116, 2456]
20150814 21:44_[6991, 6352, 9226, 4504]
20150814 21:45_[5167, 5501, 3237, 5069]
20150814 21:46_[1587, 8680, 2419, 9294]
20150814 21:47_[4874, 3497, 8080, 4093]
20150814 21:48_[7200, 9666, 7866, 8798]
20150814 21:49_[5550, 7476, 4275, 7218]
20150814 21:50_[8341, 3214, 6058, 6465]
20150814 21:51_[3865, 7958, 6396, 1162]
20150814 21:52_[6606, 1710, 1126, 8753]
20150814 21:53_[2155, 5844, 9462, 8791]
20150814 21:54_[4082, 9594, 6691, 7050]
20150814 21:55_[6169, 3571, 7635, 1319]
20150814 21:56_[1667, 8104, 7853, 3445]
20150814 21:57_[7564, 5104, 4763, 2397]
20150814 21:58_[5977, 9378, 8292, 4269]
20150814 21:59_[1106, 6750, 3937, 1198]
20150814 22:00_[6959, 5299, 8101, 5227]
20150814 22:01_[9890, 7220, 3910, 7972]
20150814 22:02_[8871, 8117, 4139, 9040]
20150814 22:03_[9505, 2417, 6520, 6732]
20150814 22:04_[9364, 9712, 4016, 5651]
20150814 22:05_[8250, 6452, 3913, 9360]
20150814 22:06_[8587, 5081, 3686, 2972]
20150814 22:07_[4854, 2069, 2764, 5253]
20150814 22:08_[2769, 3231, 3489, 8458]
20150814 22:09_[6163, 6935, 8083, 7553]
20150814 22:10_[4146, 8476, 4083, 8880]
20150814 22:11_[3142, 3705, 6075, 3505]
20150814 22:12_[8825, 9223, 7388, 6663]
20150814 22:13_[4072, 7811, 4580, 6192]
20150814 22:14_[2077, 1521, 6419, 6443]
20150814 22:15_[7039, 5066, 6002, 4578]
20150814 22:16_[5918, 2426, 1734, 3280]
20150814 22:17_[5609, 5379, 2882, 6157]
20150814 22:18_[9205, 8138, 6917, 5087]
20150814 22:19_[4036, 9776, 6380, 6986]
20150814 22:20_[1550, 3621, 2935, 4676]
20150814 22:21_[9004, 2074, 1526, 3429]
20150814 22:22_[1608, 5693, 5492, 3054]
20150814 22:23_[5909, 6164, 1135, 2251]
20150814 22:24_[8453, 7508, 1245, 3561]
20150814 22:25_[1733, 2753, 3213, 4172]
20150814 22:26_[3799, 3981, 4038, 7452]
20150814 22:27_[4092, 5019, 6399, 5376]
20150814 22:28_[5745, 6314, 3129, 5297]
20150814 22:29_[2703, 5152, 7374, 7147]
20150814 22:30_[8735, 6100, 1843, 7548]
20150814 22:31_[9569, 8233, 3595, 1127]
20150814 22:32_[7574, 9140, 6265, 5240]
20150814 22:33_[9713, 6830, 7048, 6114]
20150814 22:34_[3539, 1491, 5528, 3319]
20150814 22:35_[2814, 3890, 9099, 4325]
20150814 22:36_[7765, 4773, 1256, 7768]
20150814 22:37_[8282, 9181, 5755, 3037]
20150814 22:38_[3613, 4793, 6155, 7757]
20150814 22:39_[5734, 8049, 6129, 3586]
20150814 22:40_[5464, 7478, 5918, 6179]
20150814 22:41_[2191, 7825, 5658, 3981]
20150814 22:42_[3475, 6172, 7370, 8877]
20150814 22:43_[9383, 1376, 5723, 3954]
20150814 22:44_[9790, 1347, 2881, 8927]
20150814 22:45_[5579, 4685, 9062, 3212]
20150814 22:46_[3162, 1632, 5038, 3522]
20150814 22:47_[9939, 2590, 5596, 9357]
20150814 22:48_[1576, 7168, 2104, 4134]
20150814 22:49_[7260, 7420, 3670, 6080]
20150814 22:50_[6871, 1558, 6599, 9234]
20150814 22:51_[1401, 7556, 3986, 1123]
20150814 22:52_[9749, 6814, 7866, 5821]
20150814 22:53_[2332, 1805, 8219, 6584]
20150814 22:54_[4353, 8696, 6489, 9164]
20150814 22:55_[8667, 9548, 3916, 9129]
20150814 22:56_[2396, 3698, 3348, 7130]
20150814 22:57_[6891, 3375, 3671, 3341]
20150814 22:58_[4149, 6676, 6824, 8846]
20150814 22:59_[1288, 6322, 7381, 7938]
20150814 23:00_[8618, 2313, 9550, 9772]
20150814 23:01_[5944, 5428, 3176, 2210]
20150814 23:02_[9580, 1898, 4135, 5904]
20150814 23:03_[7284, 5133, 1199, 7359]
20150814 23:04_[1590, 9514, 4004, 1350]
20150814 23:05_[7714, 2799, 3458, 3501]
20150814 23:06_[7580, 1383, 7034, 9858]
20150814 23:07_[9385, 1482, 2543, 4488]
20150814 23:08_[6619, 6771, 3842, 8980]
20150814 23:09_[7353, 1902, 5252, 3240]
20150814 23:10_[9654, 5372, 3153, 5194]
20150814 23:11_[8451, 8570, 4424, 9179]
20150814 23:12_[8553, 1811, 4016, 5243]
20150814 23:13_[2419, 8866, 7042, 3316]
20150814 23:14_[2915, 2392, 2642, 4626]
20150814 23:15_[7909, 6496, 1205, 4429]
20150814 23:16_[3290, 9740, 2768, 5221]
20150814 23:17_[4543, 7865, 9595, 1021]
20150814 23:18_[9399, 6932, 5637, 4765]
20150814 23:19_[3960, 9222, 8988, 8176]
20150814 23:20_[1608, 7515, 9617, 1737]
20150814 23:21_[6560, 7652, 4397, 6358]
20150814 23:22_[1871, 2682, 3738, 7556]
20150814 23:23_[1429, 6871, 9349, 7544]
20150814 23:24_[1001, 4057, 4699, 2600]
20150814 23:25_[8494, 9854, 3204, 4134]
20150814 23:26_[9424, 5002, 3032, 2650]
20150814 23:27_[5102, 4413, 4704, 7557]
20150814 23:28_[9004, 6190, 7670, 9765]
20150814 23:29_[8913, 1806, 1975, 4992]
20150814 23:30_[4363, 4925, 2013, 4892]
20150814 23:31_[3227, 1899, 6420, 3197]
20150814 23:32_[3203, 4426, 6823, 4905]
20150814 23:33_[8878, 3652, 1779, 5970]
20150814 23:34_[1552, 2305, 2738, 9797]
20150814 23:35_[7139, 9614, 9636, 7302]
20150814 23:36_[2616, 4719, 2974, 6070]
20150814 23:37_[6666, 2454, 9645, 1661]
20150814 23:38_[6052, 6673, 6100, 5398]
20150814 23:39_[7444, 8082, 8661, 9842]
20150814 23:40_[8490, 7106, 3273, 9459]
20150814 23:41_[1958, 6131, 4557, 9924]
20150814 23:42_[2575, 1422, 4816, 9073]
20150814 23:43_[5610, 5621, 1476, 8224]
20150814 23:44_[1688, 6116, 2551, 2565]
20150814 23:45_[6940, 3345, 5345, 2379]
20150814 23:46_[3041, 9335, 1763, 8469]
20150814 23:47_[1209, 2268, 7974, 1886]
20150814 23:48_[9334, 5623, 2896, 5995]
20150814 23:49_[7949, 6058, 8654, 8778]
20150814 23:50_[9057, 2462, 2262, 9082]
20150814 23:51_[5239, 4113, 1572, 3465]
20150814 23:52_[1125, 4283, 9655, 2201]
20150814 23:53_[5838, 6089, 1675, 2971]
20150814 23:54_[5320, 3300, 1596, 8070]
20150814 23:55_[8980, 6174, 5772, 3724]
20150814 23:56_[8813, 9886, 2958, 4138]
20150814 23:57_[3930, 7713, 1371, 4335]
20150814 23:58_[6694, 1014, 2301, 4205]
20150814 23:59_[2345, 8164, 6758, 6312]
