20150810 00:00_[4392, 1294, 2564, 7704]
20150810 00:01_[9039, 2528, 8605, 8167]
20150810 00:02_[8863, 6212, 1807, 3600]
20150810 00:03_[6162, 4268, 3797, 7053]
20150810 00:04_[8364, 2560, 9690, 7519]
20150810 00:05_[7865, 1964, 1728, 1471]
20150810 00:06_[4228, 2522, 7577, 2098]
20150810 00:07_[3967, 9955, 4032, 4677]
20150810 00:08_[8710, 8996, 4348, 1922]
20150810 00:09_[3485, 4134, 2501, 9061]
20150810 00:10_[8251, 3882, 8838, 2569]
20150810 00:11_[3299, 3336, 1582, 7218]
20150810 00:12_[9396, 6720, 8825, 1395]
20150810 00:13_[9233, 5210, 4920, 2673]
20150810 00:14_[1907, 8521, 2440, 5067]
20150810 00:15_[9219, 3902, 8427, 9673]
20150810 00:16_[7468, 7718, 7143, 3410]
20150810 00:17_[3205, 8881, 9770, 1888]
20150810 00:18_[7507, 3197, 8146, 6736]
20150810 00:19_[5913, 3763, 6799, 5404]
20150810 00:20_[5931, 4320, 1386, 8347]
20150810 00:21_[9700, 3106, 8305, 2379]
20150810 00:22_[9361, 6852, 6130, 4593]
20150810 00:23_[7799, 7073, 4265, 5279]
20150810 00:24_[7469, 8798, 2458, 3349]
20150810 00:25_[7527, 4172, 2697, 3740]
20150810 00:26_[7371, 8572, 6848, 3254]
20150810 00:27_[2628, 6930, 8663, 6369]
20150810 00:28_[5095, 5063, 4676, 5295]
20150810 00:29_[9386, 1802, 7913, 9138]
20150810 00:30_[8908, 6719, 9762, 6812]
20150810 00:31_[4349, 2472, 8120, 3875]
20150810 00:32_[9526, 7609, 3793, 7067]
20150810 00:33_[6766, 8177, 5190, 6308]
20150810 00:34_[3824, 1717, 8479, 6045]
20150810 00:35_[8874, 9714, 8418, 1087]
20150810 00:36_[5576, 7746, 1895, 7726]
20150810 00:37_[6241, 2327, 9995, 1900]
20150810 00:38_[4557, 3223, 9774, 6429]
20150810 00:39_[2265, 4143, 7073, 1799]
20150810 00:40_[2776, 7527, 4065, 2454]
20150810 00:41_[8964, 3891, 5119, 6430]
20150810 00:42_[8089, 2596, 2789, 2605]
20150810 00:43_[7239, 6298, 2503, 3542]
20150810 00:44_[6746, 6838, 2828, 8416]
20150810 00:45_[2958, 5547, 3899, 1713]
20150810 00:46_[1571, 9835, 8205, 7048]
20150810 00:47_[5109, 5874, 8908, 2699]
20150810 00:48_[9933, 8198, 5783, 4784]
20150810 00:49_[9432, 1044, 6408, 8455]
20150810 00:50_[5933, 6633, 9722, 9833]
20150810 00:51_[8426, 5209, 1982, 5146]
20150810 00:52_[7382, 1287, 6573, 6835]
20150810 00:53_[4145, 4340, 5023, 8082]
20150810 00:54_[2560, 1548, 6160, 1790]
20150810 00:55_[9201, 2293, 8050, 9779]
20150810 00:56_[2550, 1175, 2119, 2316]
20150810 00:57_[1182, 8538, 7891, 4460]
20150810 00:58_[4974, 4662, 3226, 9756]
20150810 00:59_[5629, 1410, 6351, 6449]
20150810 01:00_[9080, 4503, 9048, 6269]
20150810 01:01_[2411, 7419, 5539, 6029]
20150810 01:02_[8902, 7825, 4538, 8694]
20150810 01:03_[3063, 9478, 9862, 9857]
20150810 01:04_[4127, 8006, 5967, 2583]
20150810 01:05_[5360, 8534, 1376, 1405]
20150810 01:06_[8551, 3540, 1492, 1506]
20150810 01:07_[3719, 8532, 9774, 5819]
20150810 01:08_[4199, 7227, 1763, 5536]
20150810 01:09_[2573, 3119, 3803, 1320]
20150810 01:10_[7047, 4558, 3624, 2708]
20150810 01:11_[1754, 7859, 3744, 1021]
20150810 01:12_[5738, 5664, 5918, 1704]
20150810 01:13_[8622, 4351, 2916, 9770]
20150810 01:14_[8350, 6824, 2630, 4677]
20150810 01:15_[5175, 8854, 3459, 9393]
20150810 01:16_[1191, 4522, 2760, 5043]
20150810 01:17_[6347, 1729, 3610, 3310]
20150810 01:18_[9551, 5466, 4560, 1189]
20150810 01:19_[9832, 3901, 8380, 2925]
20150810 01:20_[3342, 1498, 6334, 5238]
20150810 01:21_[3540, 8302, 1066, 5616]
20150810 01:22_[3121, 1203, 1937, 9277]
20150810 01:23_[4639, 8301, 3768, 8002]
20150810 01:24_[9769, 2489, 2831, 9028]
20150810 01:25_[4167, 6933, 8953, 2135]
20150810 01:26_[3883, 3663, 2314, 4187]
20150810 01:27_[8922, 8866, 6366, 9600]
20150810 01:28_[6157, 4558, 5953, 7596]
20150810 01:29_[2776, 9449, 2176, 1636]
20150810 01:30_[3490, 1804, 9897, 7225]
20150810 01:31_[4054, 2573, 5712, 2207]
20150810 01:32_[7509, 7698, 9071, 1864]
20150810 01:33_[5280, 4874, 9467, 8188]
20150810 01:34_[6262, 1899, 2974, 2801]
20150810 01:35_[7036, 5525, 2228, 7938]
20150810 01:36_[9297, 7219, 8018, 2179]
20150810 01:37_[7053, 3679, 2274, 2686]
20150810 01:38_[6147, 5163, 4229, 5658]
20150810 01:39_[1913, 3765, 4032, 7582]
20150810 01:40_[7889, 2284, 7544, 7427]
20150810 01:41_[8813, 7353, 9032, 7037]
20150810 01:42_[6331, 8764, 9468, 5816]
20150810 01:43_[2053, 7235, 9510, 1755]
20150810 01:44_[6532, 6240, 8414, 9148]
20150810 01:45_[3423, 9995, 6943, 8521]
20150810 01:46_[1492, 1784, 9224, 8796]
20150810 01:47_[6314, 7313, 4393, 5663]
20150810 01:48_[2852, 4550, 7810, 2190]
20150810 01:49_[3582, 4707, 7656, 5558]
20150810 01:50_[9498, 7154, 8326, 7133]
20150810 01:51_[3441, 4856, 1987, 8427]
20150810 01:52_[4758, 1075, 4694, 9446]
20150810 01:53_[9420, 2104, 6536, 8630]
20150810 01:54_[2229, 3594, 7178, 5886]
20150810 01:55_[3335, 4429, 4302, 9020]
20150810 01:56_[6924, 7684, 9506, 1317]
20150810 01:57_[8398, 5110, 6589, 6949]
20150810 01:58_[4551, 7493, 1329, 7781]
20150810 01:59_[7631, 1193, 5347, 5244]
20150810 02:00_[3000, 6729, 9868, 5998]
20150810 02:01_[8850, 8430, 4206, 8139]
20150810 02:02_[1026, 1576, 1984, 1483]
20150810 02:03_[7250, 1980, 9029, 6093]
20150810 02:04_[6993, 7876, 1002, 6368]
20150810 02:05_[7100, 9476, 5526, 7408]
20150810 02:06_[1650, 8933, 6520, 6376]
20150810 02:07_[8948, 2185, 3412, 3200]
20150810 02:08_[9458, 4274, 3144, 8427]
20150810 02:09_[7173, 3524, 1456, 7829]
20150810 02:10_[8005, 9156, 2037, 7243]
20150810 02:11_[4034, 3407, 6939, 6241]
20150810 02:12_[1747, 5998, 7230, 8792]
20150810 02:13_[1188, 8691, 3986, 3635]
20150810 02:14_[7809, 5316, 7192, 4708]
20150810 02:15_[2466, 9477, 9557, 2373]
20150810 02:16_[3165, 7739, 9278, 1900]
20150810 02:17_[3220, 8423, 8846, 5167]
20150810 02:18_[2254, 1013, 3012, 3486]
20150810 02:19_[5741, 6026, 8184, 1798]
20150810 02:20_[6581, 8808, 9043, 5862]
20150810 02:21_[1224, 3869, 6562, 2973]
20150810 02:22_[7386, 5669, 9376, 9721]
20150810 02:23_[3828, 6436, 5071, 1488]
20150810 02:24_[8704, 5804, 8270, 3420]
20150810 02:25_[9761, 1748, 3116, 4654]
20150810 02:26_[9715, 1701, 2338, 6036]
20150810 02:27_[9826, 3761, 6407, 9216]
20150810 02:28_[9659, 1066, 7831, 5689]
20150810 02:29_[3626, 2396, 2979, 2411]
20150810 02:30_[1058, 5770, 2042, 7116]
20150810 02:31_[2489, 4488, 7260, 4530]
20150810 02:32_[4257, 5374, 2930, 9246]
20150810 02:33_[8227, 5211, 9161, 8660]
20150810 02:34_[3453, 7936, 8641, 1270]
20150810 02:35_[2604, 7294, 2758, 7431]
20150810 02:36_[8839, 2497, 7067, 7629]
20150810 02:37_[4635, 8071, 2483, 3863]
20150810 02:38_[2874, 9438, 9538, 8125]
20150810 02:39_[3405, 6811, 1293, 4729]
20150810 02:40_[9592, 9232, 2840, 1571]
20150810 02:41_[6850, 7755, 3989, 8721]
20150810 02:42_[9105, 1998, 4744, 6990]
20150810 02:43_[3097, 9275, 6394, 9734]
20150810 02:44_[2487, 8092, 8397, 7433]
20150810 02:45_[8725, 5230, 7289, 1547]
20150810 02:46_[2532, 3205, 3716, 6318]
20150810 02:47_[1328, 8773, 1847, 5265]
20150810 02:48_[7932, 8435, 6356, 4967]
20150810 02:49_[2951, 2568, 1574, 1490]
20150810 02:50_[8027, 2502, 8071, 5291]
20150810 02:51_[7420, 3146, 2026, 7896]
20150810 02:52_[7990, 8216, 8487, 4803]
20150810 02:53_[8687, 4718, 6593, 6728]
20150810 02:54_[4456, 1845, 1296, 5654]
20150810 02:55_[2179, 7712, 1831, 4994]
20150810 02:56_[1200, 9698, 9191, 1804]
20150810 02:57_[1706, 6009, 3516, 3556]
20150810 02:58_[1339, 2459, 3626, 9087]
20150810 02:59_[8463, 6252, 4203, 8406]
20150810 03:00_[9254, 2998, 2754, 7019]
20150810 03:01_[7665, 4420, 4319, 1123]
20150810 03:02_[1019, 8075, 9937, 2714]
20150810 03:03_[1499, 4295, 8990, 1574]
20150810 03:04_[9472, 5029, 2040, 8333]
20150810 03:05_[3876, 8943, 6036, 2137]
20150810 03:06_[8709, 5854, 3789, 2404]
20150810 03:07_[7994, 3643, 7353, 8050]
20150810 03:08_[5503, 7088, 6955, 9296]
20150810 03:09_[7487, 9413, 2248, 5517]
20150810 03:10_[3766, 6764, 9160, 3803]
20150810 03:11_[1597, 8263, 5388, 3375]
20150810 03:12_[3096, 5956, 2902, 5519]
20150810 03:13_[9365, 7532, 1487, 4662]
20150810 03:14_[7631, 2391, 1012, 8244]
20150810 03:15_[6415, 5054, 2088, 2031]
20150810 03:16_[4049, 6796, 6302, 9251]
20150810 03:17_[6237, 3805, 2022, 2470]
20150810 03:18_[1633, 9489, 6513, 7886]
20150810 03:19_[2527, 8829, 6716, 7280]
20150810 03:20_[5148, 6829, 4400, 4400]
20150810 03:21_[3030, 6980, 4997, 7795]
20150810 03:22_[8076, 8711, 9050, 3737]
20150810 03:23_[9236, 1239, 7563, 6976]
20150810 03:24_[7160, 5318, 2589, 9330]
20150810 03:25_[8704, 4675, 1822, 6328]
20150810 03:26_[3151, 1120, 2501, 5388]
20150810 03:27_[7847, 9817, 3482, 4764]
20150810 03:28_[7462, 6593, 8578, 5181]
20150810 03:29_[6780, 4981, 7224, 9520]
20150810 03:30_[9626, 2509, 1855, 9622]
20150810 03:31_[9644, 9288, 3199, 4567]
20150810 03:32_[3807, 1838, 2464, 8884]
20150810 03:33_[5353, 9858, 3415, 6276]
20150810 03:34_[8367, 5769, 3332, 6269]
20150810 03:35_[3354, 7415, 7442, 3322]
20150810 03:36_[5669, 3948, 4593, 4369]
20150810 03:37_[8608, 3761, 3763, 1825]
20150810 03:38_[5486, 7994, 1881, 3670]
20150810 03:39_[3805, 9726, 7333, 6021]
20150810 03:40_[1160, 5482, 6454, 1404]
20150810 03:41_[2326, 1566, 4874, 4296]
20150810 03:42_[7002, 2522, 6180, 1208]
20150810 03:43_[7427, 6517, 3557, 9739]
20150810 03:44_[8943, 9193, 6095, 6756]
20150810 03:45_[9262, 4991, 3679, 8119]
20150810 03:46_[1431, 9444, 1620, 9929]
20150810 03:47_[1902, 9853, 8450, 3401]
20150810 03:48_[9256, 6595, 9959, 6213]
20150810 03:49_[1251, 8134, 8351, 8790]
20150810 03:50_[6346, 8270, 7464, 3627]
20150810 03:51_[2293, 8874, 9997, 7344]
20150810 03:52_[4106, 3033, 2446, 7096]
20150810 03:53_[4593, 9849, 1134, 4507]
20150810 03:54_[8791, 3963, 4956, 6830]
20150810 03:55_[4169, 8838, 8172, 6184]
20150810 03:56_[2439, 5090, 1236, 7112]
20150810 03:57_[1431, 4552, 6865, 9447]
20150810 03:58_[4945, 3814, 8526, 5353]
20150810 03:59_[2575, 7500, 5426, 8210]
20150810 04:00_[6520, 2403, 8767, 3733]
20150810 04:01_[2628, 8470, 6392, 4360]
20150810 04:02_[9296, 6279, 1195, 6919]
20150810 04:03_[4478, 4607, 1284, 6015]
20150810 04:04_[6149, 9625, 4073, 1271]
20150810 04:05_[9225, 5730, 3018, 4115]
20150810 04:06_[5587, 7997, 9432, 8910]
20150810 04:07_[3944, 9269, 6158, 6902]
20150810 04:08_[3628, 6319, 8713, 1848]
20150810 04:09_[6201, 8618, 1383, 1366]
20150810 04:10_[3126, 8095, 4076, 6775]
20150810 04:11_[5626, 8557, 5448, 3005]
20150810 04:12_[6811, 7559, 4628, 2904]
20150810 04:13_[8185, 1626, 8804, 6643]
20150810 04:14_[1880, 3829, 6916, 2878]
20150810 04:15_[6240, 4242, 7814, 5864]
20150810 04:16_[4641, 7508, 1929, 1157]
20150810 04:17_[4228, 7953, 3029, 4499]
20150810 04:18_[5670, 7038, 1872, 4688]
20150810 04:19_[6520, 1576, 9001, 3103]
20150810 04:20_[9188, 5330, 4418, 1738]
20150810 04:21_[5913, 1121, 6861, 9471]
20150810 04:22_[4362, 9117, 4225, 3038]
20150810 04:23_[3107, 8120, 9322, 2516]
20150810 04:24_[7730, 8332, 5619, 2514]
20150810 04:25_[8834, 3760, 8034, 6339]
20150810 04:26_[2296, 6757, 6109, 1719]
20150810 04:27_[5481, 8223, 9499, 8055]
20150810 04:28_[9233, 7008, 5909, 7165]
20150810 04:29_[7578, 7094, 6062, 7726]
20150810 04:30_[9463, 7616, 6172, 8329]
20150810 04:31_[9278, 3674, 8102, 1248]
20150810 04:32_[9253, 2361, 2370, 6612]
20150810 04:33_[1904, 3643, 2152, 2283]
20150810 04:34_[3646, 5318, 5388, 1539]
20150810 04:35_[5125, 3381, 5260, 8812]
20150810 04:36_[9499, 6103, 8564, 1111]
20150810 04:37_[8514, 4423, 7055, 7096]
20150810 04:38_[4578, 4551, 5963, 2270]
20150810 04:39_[1021, 8170, 2857, 5967]
20150810 04:40_[7912, 5018, 2130, 1974]
20150810 04:41_[1884, 3330, 1099, 7314]
20150810 04:42_[9410, 1570, 2442, 8357]
20150810 04:43_[3407, 7255, 3754, 7699]
20150810 04:44_[8587, 2167, 2374, 4947]
20150810 04:45_[6646, 3543, 3866, 8835]
20150810 04:46_[3382, 4322, 8720, 3002]
20150810 04:47_[9325, 1139, 4354, 8342]
20150810 04:48_[8442, 2943, 9349, 5834]
20150810 04:49_[2008, 2927, 6967, 7907]
20150810 04:50_[8467, 7511, 2147, 7161]
20150810 04:51_[4431, 5671, 6360, 3424]
20150810 04:52_[1713, 3270, 2393, 7465]
20150810 04:53_[3550, 8445, 1601, 6656]
20150810 04:54_[3377, 6516, 6318, 2238]
20150810 04:55_[1156, 4775, 5681, 1393]
20150810 04:56_[9873, 3119, 2758, 8397]
20150810 04:57_[1860, 1419, 8502, 7520]
20150810 04:58_[2218, 1784, 9702, 5268]
20150810 04:59_[4115, 4293, 9544, 4213]
20150810 05:00_[1609, 5236, 8812, 2317]
20150810 05:01_[3747, 9260, 7739, 1462]
20150810 05:02_[8377, 8090, 1087, 1582]
20150810 05:03_[3429, 3078, 6405, 5249]
20150810 05:04_[7833, 1645, 1872, 7627]
20150810 05:05_[2463, 4447, 5340, 7007]
20150810 05:06_[3300, 7687, 7624, 9660]
20150810 05:07_[1950, 9752, 7812, 7827]
20150810 05:08_[7418, 5433, 9092, 8776]
20150810 05:09_[5427, 5744, 8120, 7590]
20150810 05:10_[9710, 7745, 5694, 2166]
20150810 05:11_[1203, 2725, 2525, 2099]
20150810 05:12_[7562, 5401, 9355, 9027]
20150810 05:13_[1695, 7258, 6064, 2482]
20150810 05:14_[7581, 4710, 9185, 8114]
20150810 05:15_[4052, 7645, 1100, 1358]
20150810 05:16_[3415, 9220, 1205, 8707]
20150810 05:17_[7189, 6752, 7522, 2516]
20150810 05:18_[6647, 1724, 7873, 3238]
20150810 05:19_[3969, 5089, 6047, 8253]
20150810 05:20_[5339, 4332, 6264, 2746]
20150810 05:21_[3517, 7717, 2007, 2678]
20150810 05:22_[1749, 6631, 1621, 7521]
20150810 05:23_[3236, 5201, 4425, 6878]
20150810 05:24_[1863, 8816, 6978, 5029]
20150810 05:25_[1738, 1003, 8736, 2159]
20150810 05:26_[9635, 2915, 7561, 3710]
20150810 05:27_[4140, 2424, 1093, 8769]
20150810 05:28_[4818, 7175, 8009, 6711]
20150810 05:29_[7540, 9232, 4261, 7885]
20150810 05:30_[2315, 4412, 2252, 9742]
20150810 05:31_[5487, 5002, 5556, 7796]
20150810 05:32_[5299, 8660, 9399, 4435]
20150810 05:33_[1719, 1129, 4726, 1856]
20150810 05:34_[5960, 2600, 2718, 8891]
20150810 05:35_[1428, 8593, 2351, 4155]
20150810 05:36_[8504, 4136, 9831, 6822]
20150810 05:37_[5772, 4994, 5129, 5041]
20150810 05:38_[6090, 7456, 2766, 7813]
20150810 05:39_[1191, 7883, 4420, 9743]
20150810 05:40_[1227, 9744, 6301, 6532]
20150810 05:41_[4075, 1948, 4337, 5847]
20150810 05:42_[5452, 2227, 7143, 1134]
20150810 05:43_[8426, 3741, 7666, 9339]
20150810 05:44_[7643, 5294, 9134, 6741]
20150810 05:45_[5907, 9782, 3313, 4929]
20150810 05:46_[3631, 4026, 7298, 8682]
20150810 05:47_[4407, 4653, 6290, 2523]
20150810 05:48_[6020, 6378, 7597, 2114]
20150810 05:49_[2039, 1129, 3763, 6358]
20150810 05:50_[3824, 1150, 2820, 2232]
20150810 05:51_[7535, 1482, 1829, 1203]
20150810 05:52_[5282, 1022, 2410, 1795]
20150810 05:53_[7732, 2590, 1920, 5757]
20150810 05:54_[8987, 5222, 1651, 1873]
20150810 05:55_[4201, 3041, 2619, 4037]
20150810 05:56_[1314, 3700, 9755, 4735]
20150810 05:57_[8104, 5497, 6050, 8348]
20150810 05:58_[4636, 1854, 7709, 4156]
20150810 05:59_[7217, 1401, 6885, 9786]
20150810 06:00_[5372, 2576, 4724, 2911]
20150810 06:01_[4345, 5739, 4340, 6890]
20150810 06:02_[8307, 5178, 2419, 1572]
20150810 06:03_[2483, 6314, 4627, 2803]
20150810 06:04_[2379, 7858, 2525, 3540]
20150810 06:05_[3269, 4513, 9874, 1755]
20150810 06:06_[4924, 1781, 5771, 2408]
20150810 06:07_[5548, 7257, 1144, 7787]
20150810 06:08_[8882, 1727, 9361, 2529]
20150810 06:09_[9906, 4147, 2568, 1220]
20150810 06:10_[8106, 9619, 8680, 5370]
20150810 06:11_[2567, 8322, 2816, 3964]
20150810 06:12_[3629, 7001, 8254, 8322]
20150810 06:13_[2745, 2556, 6795, 7179]
20150810 06:14_[9372, 7944, 4328, 9122]
20150810 06:15_[1078, 2810, 9879, 4033]
20150810 06:16_[9153, 9436, 7000, 4982]
20150810 06:17_[9909, 1051, 5156, 5195]
20150810 06:18_[7185, 4850, 8061, 9334]
20150810 06:19_[3121, 7268, 6554, 9263]
20150810 06:20_[6199, 3061, 3861, 5272]
20150810 06:21_[2708, 4501, 7882, 5262]
20150810 06:22_[8300, 4388, 1839, 3105]
20150810 06:23_[9661, 5506, 3394, 1266]
20150810 06:24_[8153, 5805, 7983, 4282]
20150810 06:25_[7735, 5311, 6943, 2851]
20150810 06:26_[8154, 5475, 2737, 8932]
20150810 06:27_[2926, 6426, 2318, 8243]
20150810 06:28_[8949, 6870, 4920, 1280]
20150810 06:29_[5933, 7926, 3564, 9521]
20150810 06:30_[5686, 3684, 2291, 1843]
20150810 06:31_[2710, 5003, 4645, 5726]
20150810 06:32_[5900, 8133, 2706, 3019]
20150810 06:33_[6495, 9698, 9992, 9700]
20150810 06:34_[6001, 6790, 9509, 5919]
20150810 06:35_[8103, 7796, 7063, 1010]
20150810 06:36_[3917, 1109, 6802, 2453]
20150810 06:37_[8993, 3396, 9667, 7559]
20150810 06:38_[7163, 4055, 3978, 3726]
20150810 06:39_[1985, 4399, 1375, 9850]
20150810 06:40_[2352, 6138, 2336, 8927]
20150810 06:41_[5377, 2489, 9822, 2796]
20150810 06:42_[2046, 5094, 2015, 8744]
20150810 06:43_[2238, 8674, 1154, 7722]
20150810 06:44_[4117, 8609, 6433, 3503]
20150810 06:45_[9232, 9297, 2429, 1608]
20150810 06:46_[8295, 7986, 1055, 4551]
20150810 06:47_[9918, 6131, 4199, 7290]
20150810 06:48_[1486, 5492, 5270, 8700]
20150810 06:49_[2814, 5697, 4973, 4164]
20150810 06:50_[2961, 6259, 3272, 3582]
20150810 06:51_[8439, 8057, 2811, 7054]
20150810 06:52_[4330, 1476, 8012, 3495]
20150810 06:53_[8810, 1094, 2419, 8811]
20150810 06:54_[9092, 5944, 3663, 6857]
20150810 06:55_[8876, 3937, 8183, 3230]
20150810 06:56_[8328, 3631, 2015, 4962]
20150810 06:57_[5083, 6591, 9450, 5709]
20150810 06:58_[8787, 5606, 4151, 5185]
20150810 06:59_[1152, 4823, 1180, 5906]
20150810 07:00_[4908, 6571, 3253, 7905]
20150810 07:01_[3261, 9823, 9758, 8376]
20150810 07:02_[6868, 4403, 4454, 3868]
20150810 07:03_[2386, 1707, 4743, 4849]
20150810 07:04_[9171, 5079, 3817, 3065]
20150810 07:05_[7417, 9123, 3431, 5356]
20150810 07:06_[4776, 4365, 7027, 9573]
20150810 07:07_[1908, 1358, 2839, 1346]
20150810 07:08_[5774, 9557, 9098, 2519]
20150810 07:09_[4452, 6230, 8506, 5631]
20150810 07:10_[6039, 5597, 4708, 7218]
20150810 07:11_[3672, 3933, 5039, 8515]
20150810 07:12_[7501, 6976, 2082, 3611]
20150810 07:13_[5777, 3743, 4149, 9131]
20150810 07:14_[6219, 2768, 7641, 2136]
20150810 07:15_[2561, 2813, 4375, 1871]
20150810 07:16_[8001, 7010, 8491, 6051]
20150810 07:17_[6175, 3756, 7022, 1163]
20150810 07:18_[2420, 8998, 1912, 9450]
20150810 07:19_[4504, 9132, 9547, 9830]
20150810 07:20_[3890, 1458, 2097, 7197]
20150810 07:21_[6898, 1760, 3482, 5900]
20150810 07:22_[9808, 1200, 2876, 8508]
20150810 07:23_[8036, 6467, 5205, 6698]
20150810 07:24_[6513, 5807, 4999, 3527]
20150810 07:25_[9787, 8182, 1266, 7077]
20150810 07:26_[8994, 8401, 5129, 5027]
20150810 07:27_[4165, 9550, 3024, 2985]
20150810 07:28_[4622, 1351, 6026, 3881]
20150810 07:29_[3195, 2991, 4142, 7840]
20150810 07:30_[8522, 3249, 6307, 6099]
20150810 07:31_[7675, 4269, 8761, 2458]
20150810 07:32_[1912, 7292, 2353, 9467]
20150810 07:33_[1617, 6920, 2819, 7621]
20150810 07:34_[4528, 7852, 1601, 4193]
20150810 07:35_[3784, 7954, 5412, 4859]
20150810 07:36_[8100, 5657, 8705, 2588]
20150810 07:37_[1358, 5012, 2239, 1198]
20150810 07:38_[7946, 5397, 6605, 2059]
20150810 07:39_[4017, 2438, 6677, 6738]
20150810 07:40_[8003, 2374, 8008, 3105]
20150810 07:41_[1338, 1920, 8231, 6038]
20150810 07:42_[5711, 6844, 1741, 2372]
20150810 07:43_[4387, 4457, 1033, 7364]
20150810 07:44_[1204, 1484, 3598, 6165]
20150810 07:45_[9219, 6617, 9314, 7956]
20150810 07:46_[5204, 1286, 5378, 1629]
20150810 07:47_[6480, 4744, 2820, 7962]
20150810 07:48_[2623, 2833, 6191, 1204]
20150810 07:49_[1846, 7463, 6772, 5812]
20150810 07:50_[8930, 8851, 4168, 5854]
20150810 07:51_[5581, 8469, 9033, 3692]
20150810 07:52_[5270, 2748, 5642, 3527]
20150810 07:53_[7463, 3846, 3916, 5261]
20150810 07:54_[7781, 6283, 5794, 2331]
20150810 07:55_[1576, 7658, 5943, 5764]
20150810 07:56_[6051, 7277, 5190, 2032]
20150810 07:57_[1693, 8848, 9948, 6998]
20150810 07:58_[1227, 2379, 3898, 5758]
20150810 07:59_[2532, 9715, 7091, 2986]
20150810 08:00_[3043, 6636, 2729, 5390]
20150810 08:01_[6699, 8690, 3575, 9499]
20150810 08:02_[5096, 2570, 4838, 3122]
20150810 08:03_[7616, 3392, 7633, 4837]
20150810 08:04_[8558, 6950, 4657, 4739]
20150810 08:05_[5936, 9859, 7697, 2936]
20150810 08:06_[7761, 6361, 7642, 7099]
20150810 08:07_[5264, 3353, 8315, 9912]
20150810 08:08_[7744, 6263, 1716, 6519]
20150810 08:09_[2388, 9321, 4169, 8099]
20150810 08:10_[5988, 1575, 5872, 6192]
20150810 08:11_[4883, 2787, 7645, 1645]
20150810 08:12_[8812, 2842, 8935, 7662]
20150810 08:13_[1745, 4458, 3760, 1368]
20150810 08:14_[7075, 8211, 6494, 1345]
20150810 08:15_[5568, 6522, 6419, 8923]
20150810 08:16_[4552, 8812, 5721, 6462]
20150810 08:17_[9757, 4756, 1973, 9218]
20150810 08:18_[6146, 3112, 6810, 4029]
20150810 08:19_[4196, 2332, 2725, 7066]
20150810 08:20_[8722, 2077, 7433, 4856]
20150810 08:21_[9359, 2516, 1535, 6580]
20150810 08:22_[6813, 8740, 9905, 8115]
20150810 08:23_[7335, 5342, 8198, 4353]
20150810 08:24_[4626, 2895, 2802, 6283]
20150810 08:25_[3349, 3606, 1353, 5480]
20150810 08:26_[1668, 3583, 5004, 8497]
20150810 08:27_[4947, 5537, 2484, 3154]
20150810 08:28_[3643, 9191, 2028, 6136]
20150810 08:29_[2226, 4520, 9654, 7097]
20150810 08:30_[4021, 1600, 6078, 9658]
20150810 08:31_[7204, 5260, 1318, 5009]
20150810 08:32_[5558, 6668, 6456, 8931]
20150810 08:33_[7721, 9178, 1781, 4623]
20150810 08:34_[1554, 2730, 4500, 5685]
20150810 08:35_[8376, 8412, 9695, 8644]
20150810 08:36_[6407, 7949, 7794, 5779]
20150810 08:37_[8880, 6567, 4503, 2436]
20150810 08:38_[3214, 5303, 9485, 4869]
20150810 08:39_[5894, 7525, 1243, 6739]
20150810 08:40_[5599, 8448, 8097, 9540]
20150810 08:41_[9614, 8454, 2054, 2156]
20150810 08:42_[8049, 4471, 1588, 2776]
20150810 08:43_[1557, 3996, 9835, 4004]
20150810 08:44_[5358, 3027, 3027, 1253]
20150810 08:45_[6322, 7143, 4230, 9404]
20150810 08:46_[5207, 7492, 4351, 7666]
20150810 08:47_[4916, 7904, 3186, 7522]
20150810 08:48_[4029, 4166, 2343, 4126]
20150810 08:49_[6001, 7067, 8106, 5701]
20150810 08:50_[9770, 2399, 1860, 9662]
20150810 08:51_[5729, 4858, 7518, 3291]
20150810 08:52_[1438, 2625, 4626, 5502]
20150810 08:53_[2311, 5358, 9156, 5769]
20150810 08:54_[7700, 2394, 7368, 2768]
20150810 08:55_[4851, 9582, 5773, 7555]
20150810 08:56_[7183, 6008, 7227, 8024]
20150810 08:57_[6657, 8864, 7509, 4808]
20150810 08:58_[6017, 7318, 2675, 4478]
20150810 08:59_[6593, 1046, 3942, 1825]
20150810 09:00_[7878, 2459, 6284, 6249]
20150810 09:01_[7819, 3294, 7040, 1295]
20150810 09:02_[7982, 7605, 9491, 3903]
20150810 09:03_[3622, 8621, 9427, 1879]
20150810 09:04_[7013, 7447, 2968, 5070]
20150810 09:05_[8576, 6047, 1156, 9294]
20150810 09:06_[6795, 6615, 9077, 9953]
20150810 09:07_[3131, 8303, 7173, 1512]
20150810 09:08_[6036, 3790, 6176, 6558]
20150810 09:09_[9934, 1989, 3517, 2343]
20150810 09:10_[3869, 9610, 1166, 1562]
20150810 09:11_[5677, 6686, 3276, 9459]
20150810 09:12_[1709, 2642, 9419, 7738]
20150810 09:13_[1780, 2582, 8204, 1785]
20150810 09:14_[9015, 7043, 9039, 1055]
20150810 09:15_[2571, 2413, 9598, 5047]
20150810 09:16_[5806, 6341, 4308, 3812]
20150810 09:17_[3991, 3222, 2863, 5338]
20150810 09:18_[4705, 6209, 4033, 6483]
20150810 09:19_[1182, 5476, 4789, 8013]
20150810 09:20_[8966, 3258, 6714, 8838]
20150810 09:21_[8552, 8676, 6787, 4367]
20150810 09:22_[9796, 3244, 5266, 2273]
20150810 09:23_[5315, 3285, 4880, 6555]
20150810 09:24_[6461, 8565, 6187, 7221]
20150810 09:25_[9922, 2690, 4146, 1079]
20150810 09:26_[2011, 4245, 5447, 3897]
20150810 09:27_[5358, 2344, 7527, 5316]
20150810 09:28_[5434, 1105, 9987, 7129]
20150810 09:29_[1788, 5455, 6171, 2255]
20150810 09:30_[8656, 9465, 6146, 1191]
20150810 09:31_[6013, 6229, 4241, 3024]
20150810 09:32_[8780, 6032, 5190, 1599]
20150810 09:33_[2898, 3715, 7860, 5425]
20150810 09:34_[1421, 7446, 9144, 5268]
20150810 09:35_[4068, 7810, 3396, 8697]
20150810 09:36_[3327, 6987, 1105, 1336]
20150810 09:37_[3971, 1122, 7129, 1289]
20150810 09:38_[6476, 9530, 1616, 9861]
20150810 09:39_[8157, 3188, 3809, 7087]
20150810 09:40_[7847, 6870, 7141, 2223]
20150810 09:41_[4652, 8547, 1787, 4614]
20150810 09:42_[6824, 4080, 4641, 7568]
20150810 09:43_[5766, 6537, 1248, 6538]
20150810 09:44_[4362, 8977, 5660, 8544]
20150810 09:45_[7584, 8946, 5183, 2258]
20150810 09:46_[9085, 6151, 2133, 9032]
20150810 09:47_[6439, 4222, 2869, 3931]
20150810 09:48_[2419, 7278, 8711, 9212]
20150810 09:49_[4527, 8966, 3859, 5471]
20150810 09:50_[5258, 6932, 6386, 3739]
20150810 09:51_[2290, 3994, 5121, 2429]
20150810 09:52_[2997, 2810, 3123, 9861]
20150810 09:53_[1687, 1377, 9896, 1933]
20150810 09:54_[2828, 6690, 9760, 1987]
20150810 09:55_[9088, 9256, 8068, 3215]
20150810 09:56_[3156, 5389, 6163, 3639]
20150810 09:57_[8092, 7637, 7515, 8145]
20150810 09:58_[2854, 6638, 3677, 3095]
20150810 09:59_[7690, 2773, 7707, 1254]
20150810 10:00_[2682, 7636, 2116, 8749]
20150810 10:01_[7701, 4114, 9522, 3623]
20150810 10:02_[3397, 2040, 8246, 8536]
20150810 10:03_[6043, 1897, 1631, 3470]
20150810 10:04_[3809, 6060, 1550, 5093]
20150810 10:05_[4658, 1803, 3689, 7042]
20150810 10:06_[7799, 7668, 1679, 3189]
20150810 10:07_[6318, 4006, 4621, 8611]
20150810 10:08_[1575, 8914, 4643, 6191]
20150810 10:09_[8407, 5382, 6555, 5650]
20150810 10:10_[5317, 1466, 3635, 1112]
20150810 10:11_[5276, 5375, 6161, 8792]
20150810 10:12_[2385, 6275, 9037, 2964]
20150810 10:13_[8839, 5666, 8503, 6392]
20150810 10:14_[6251, 4176, 7069, 5286]
20150810 10:15_[8621, 8446, 8280, 3040]
20150810 10:16_[9771, 7659, 2817, 6316]
20150810 10:17_[4689, 1105, 6387, 4780]
20150810 10:18_[4651, 4653, 4189, 8334]
20150810 10:19_[9415, 9486, 1574, 3754]
20150810 10:20_[9222, 7654, 2912, 7563]
20150810 10:21_[1529, 6785, 7145, 6624]
20150810 10:22_[8719, 4357, 6531, 1415]
20150810 10:23_[8043, 5714, 9967, 7795]
20150810 10:24_[6116, 8352, 6828, 8067]
20150810 10:25_[9971, 4311, 3754, 6026]
20150810 10:26_[5259, 6447, 8570, 2843]
20150810 10:27_[4318, 6217, 8831, 5384]
20150810 10:28_[9143, 2648, 6325, 4048]
20150810 10:29_[1297, 1185, 1035, 6356]
20150810 10:30_[6251, 6242, 6124, 7089]
20150810 10:31_[1634, 2894, 8824, 7178]
20150810 10:32_[2877, 7354, 1867, 4652]
20150810 10:33_[2714, 8777, 2536, 9470]
20150810 10:34_[3285, 1976, 3994, 4239]
20150810 10:35_[9645, 4311, 3942, 9751]
20150810 10:36_[4595, 8340, 9288, 8879]
20150810 10:37_[7497, 1628, 2264, 8901]
20150810 10:38_[9201, 2989, 2326, 9687]
20150810 10:39_[4963, 4980, 6729, 2848]
20150810 10:40_[7721, 9615, 4723, 5384]
20150810 10:41_[2858, 9569, 4574, 7903]
20150810 10:42_[2258, 1219, 7463, 1673]
20150810 10:43_[9203, 3032, 6784, 3237]
20150810 10:44_[4867, 9312, 6555, 2222]
20150810 10:45_[8372, 4284, 7279, 7354]
20150810 10:46_[2192, 8997, 3259, 7944]
20150810 10:47_[5710, 9642, 8272, 3157]
20150810 10:48_[6915, 4658, 1425, 8135]
20150810 10:49_[3596, 7166, 1328, 3657]
20150810 10:50_[5304, 5577, 7584, 2615]
20150810 10:51_[7613, 3693, 3818, 9895]
20150810 10:52_[2334, 8457, 8789, 9876]
20150810 10:53_[1701, 7198, 7175, 1063]
20150810 10:54_[6963, 1777, 3943, 1405]
20150810 10:55_[9805, 1409, 6247, 4058]
20150810 10:56_[3539, 8363, 7849, 6002]
20150810 10:57_[8341, 4122, 1493, 8146]
20150810 10:58_[6199, 2148, 4376, 5084]
20150810 10:59_[2826, 5446, 2530, 1878]
20150810 11:00_[2768, 5355, 9050, 6296]
20150810 11:01_[4487, 3801, 9940, 8110]
20150810 11:02_[7072, 9413, 3565, 8775]
20150810 11:03_[5691, 2516, 5589, 2880]
20150810 11:04_[1216, 4325, 4368, 5721]
20150810 11:05_[9186, 2651, 1346, 3763]
20150810 11:06_[4212, 9164, 6635, 5845]
20150810 11:07_[3482, 5038, 9764, 7459]
20150810 11:08_[4895, 9132, 9195, 1549]
20150810 11:09_[3294, 2795, 9322, 5033]
20150810 11:10_[6199, 5709, 5071, 5790]
20150810 11:11_[6130, 2308, 9351, 8713]
20150810 11:12_[5362, 8975, 9229, 9961]
20150810 11:13_[1974, 3354, 7554, 7212]
20150810 11:14_[9130, 6749, 1280, 8261]
20150810 11:15_[2412, 6556, 6112, 1517]
20150810 11:16_[4546, 8270, 1255, 4705]
20150810 11:17_[9882, 8270, 4394, 3407]
20150810 11:18_[4150, 2183, 2921, 4347]
20150810 11:19_[2046, 5642, 2475, 7423]
20150810 11:20_[5023, 9343, 5357, 1691]
20150810 11:21_[3433, 8376, 5466, 9594]
20150810 11:22_[1437, 8860, 2469, 8692]
20150810 11:23_[1480, 1345, 1243, 9340]
20150810 11:24_[8078, 9492, 5701, 4614]
20150810 11:25_[6686, 7538, 4179, 7100]
20150810 11:26_[2668, 8167, 9265, 4225]
20150810 11:27_[7690, 8413, 6264, 9327]
20150810 11:28_[7522, 5222, 5354, 6822]
20150810 11:29_[9340, 7730, 5735, 4094]
20150810 11:30_[6840, 9890, 5700, 7735]
20150810 11:31_[4141, 5235, 2281, 4915]
20150810 11:32_[5636, 9123, 9475, 9421]
20150810 11:33_[9603, 5977, 5908, 7037]
20150810 11:34_[3912, 4647, 5123, 9295]
20150810 11:35_[8109, 7426, 6947, 1953]
20150810 11:36_[4604, 8244, 8961, 2108]
20150810 11:37_[9334, 8790, 2206, 4005]
20150810 11:38_[8670, 3554, 4248, 9859]
20150810 11:39_[1754, 2197, 5131, 9996]
20150810 11:40_[9347, 2364, 4057, 6755]
20150810 11:41_[2132, 4459, 9899, 5002]
20150810 11:42_[8636, 8133, 7619, 6275]
20150810 11:43_[2558, 8477, 4649, 9271]
20150810 11:44_[5736, 9941, 2931, 1149]
20150810 11:45_[4826, 2811, 6666, 5698]
20150810 11:46_[1198, 8764, 6941, 4174]
20150810 11:47_[6736, 8199, 4665, 5208]
20150810 11:48_[5881, 5288, 2600, 1751]
20150810 11:49_[8585, 1702, 4853, 7668]
20150810 11:50_[6094, 2347, 2709, 8290]
20150810 11:51_[8726, 1515, 6991, 3593]
20150810 11:52_[6508, 1315, 4213, 5440]
20150810 11:53_[3117, 9750, 5771, 2303]
20150810 11:54_[2953, 1011, 1416, 9279]
20150810 11:55_[5219, 4928, 7410, 2684]
20150810 11:56_[8743, 4174, 6913, 3819]
20150810 11:57_[6566, 3302, 3659, 5742]
20150810 11:58_[8193, 1021, 4497, 2125]
20150810 11:59_[8796, 9317, 6656, 2389]
20150810 12:00_[9195, 3370, 8008, 4658]
20150810 12:01_[7633, 2599, 1651, 3909]
20150810 12:02_[4247, 1909, 2213, 8221]
20150810 12:03_[8989, 8955, 3442, 7631]
20150810 12:04_[7642, 8985, 2090, 8376]
20150810 12:05_[2985, 3513, 9914, 6586]
20150810 12:06_[7491, 5656, 1985, 9189]
20150810 12:07_[3207, 6624, 9752, 7596]
20150810 12:08_[7913, 5793, 5890, 5112]
20150810 12:09_[6542, 4890, 5045, 4752]
20150810 12:10_[7339, 9498, 3138, 8324]
20150810 12:11_[3030, 3317, 5295, 6003]
20150810 12:12_[2826, 3417, 1872, 3481]
20150810 12:13_[8253, 7957, 6719, 2848]
20150810 12:14_[8287, 1849, 5330, 1669]
20150810 12:15_[4985, 6919, 3609, 3074]
20150810 12:16_[4402, 8966, 3170, 3179]
20150810 12:17_[2671, 9031, 3731, 3216]
20150810 12:18_[5406, 9003, 4114, 5306]
20150810 12:19_[6376, 4688, 5140, 7185]
20150810 12:20_[9333, 3234, 4481, 3619]
20150810 12:21_[5669, 4617, 2017, 7267]
20150810 12:22_[7319, 4965, 4639, 8126]
20150810 12:23_[5881, 3633, 3997, 1812]
20150810 12:24_[2851, 9644, 2921, 7405]
20150810 12:25_[9291, 1847, 9068, 7729]
20150810 12:26_[8583, 4462, 9750, 6399]
20150810 12:27_[7887, 9194, 8618, 3257]
20150810 12:28_[6412, 5190, 6242, 1723]
20150810 12:29_[9566, 4023, 6864, 3925]
20150810 12:30_[4587, 1496, 7619, 8209]
20150810 12:31_[6047, 8699, 3172, 9064]
20150810 12:32_[3552, 7225, 3527, 7283]
20150810 12:33_[9371, 4603, 8954, 7954]
20150810 12:34_[2876, 2065, 1024, 6040]
20150810 12:35_[3759, 8108, 2008, 5622]
20150810 12:36_[7543, 3166, 1452, 3323]
20150810 12:37_[5141, 7937, 8571, 5444]
20150810 12:38_[7342, 1341, 3195, 8720]
20150810 12:39_[3890, 6436, 4305, 8178]
20150810 12:40_[1970, 8533, 3974, 3177]
20150810 12:41_[7668, 9813, 2712, 2582]
20150810 12:42_[9733, 4150, 3179, 3931]
20150810 12:43_[9743, 5977, 1093, 2629]
20150810 12:44_[6065, 1272, 8743, 9601]
20150810 12:45_[5340, 3095, 3482, 4162]
20150810 12:46_[2733, 7355, 7871, 8403]
20150810 12:47_[1514, 5721, 6025, 4154]
20150810 12:48_[9051, 7501, 9788, 5943]
20150810 12:49_[6046, 3155, 7715, 5472]
20150810 12:50_[7815, 2867, 3556, 6106]
20150810 12:51_[5337, 9154, 6544, 3350]
20150810 12:52_[9844, 2428, 9163, 1209]
20150810 12:53_[9865, 3307, 2603, 4506]
20150810 12:54_[1157, 2190, 9902, 8874]
20150810 12:55_[7889, 9941, 6446, 3288]
20150810 12:56_[4257, 3558, 7961, 5121]
20150810 12:57_[3402, 3416, 6506, 8683]
20150810 12:58_[2937, 5183, 3625, 3956]
20150810 12:59_[9178, 2584, 7506, 5540]
20150810 13:00_[4643, 3350, 5594, 3119]
20150810 13:01_[9507, 6416, 7674, 7750]
20150810 13:02_[4339, 5360, 4566, 8364]
20150810 13:03_[6632, 1289, 5335, 9885]
20150810 13:04_[7348, 9146, 7680, 2419]
20150810 13:05_[4839, 6609, 5616, 8173]
20150810 13:06_[4818, 1597, 7469, 7590]
20150810 13:07_[9576, 2532, 9685, 3894]
20150810 13:08_[4857, 7301, 3818, 8864]
20150810 13:09_[7939, 5911, 1978, 7497]
20150810 13:10_[5701, 2796, 3053, 3932]
20150810 13:11_[5398, 8563, 9536, 2645]
20150810 13:12_[8520, 8045, 7568, 2213]
20150810 13:13_[1598, 7149, 1438, 4969]
20150810 13:14_[1883, 8653, 2913, 7837]
20150810 13:15_[1726, 5923, 2888, 1148]
20150810 13:16_[5706, 4981, 8608, 2045]
20150810 13:17_[6441, 5799, 4952, 5224]
20150810 13:18_[1949, 1418, 4266, 3954]
20150810 13:19_[3005, 4128, 5267, 5330]
20150810 13:20_[4597, 4068, 4833, 9107]
20150810 13:21_[1451, 7930, 3825, 3895]
20150810 13:22_[9504, 9435, 5836, 5671]
20150810 13:23_[4791, 7666, 5737, 3352]
20150810 13:24_[7712, 7073, 1416, 2950]
20150810 13:25_[4089, 2522, 1313, 4556]
20150810 13:26_[6142, 6095, 4736, 7698]
20150810 13:27_[3224, 6172, 8523, 5692]
20150810 13:28_[4102, 2305, 7731, 8043]
20150810 13:29_[4739, 8947, 1921, 7797]
20150810 13:30_[9377, 8887, 4184, 2517]
20150810 13:31_[3272, 3758, 9838, 3127]
20150810 13:32_[1375, 8273, 1234, 5255]
20150810 13:33_[4318, 7757, 5253, 1805]
20150810 13:34_[6820, 1849, 3448, 6998]
20150810 13:35_[5087, 2092, 1786, 9544]
20150810 13:36_[5575, 3631, 5705, 7430]
20150810 13:37_[5543, 6601, 8282, 6820]
20150810 13:38_[8439, 1965, 7892, 6398]
20150810 13:39_[4213, 8780, 3610, 2571]
20150810 13:40_[3201, 9258, 8138, 7165]
20150810 13:41_[7815, 8743, 3813, 9907]
20150810 13:42_[1782, 4759, 6913, 3966]
20150810 13:43_[9183, 7490, 2099, 2036]
20150810 13:44_[3793, 7717, 2904, 3041]
20150810 13:45_[1548, 9880, 3250, 7507]
20150810 13:46_[8447, 7892, 4124, 4743]
20150810 13:47_[9876, 1593, 3627, 7190]
20150810 13:48_[5780, 7475, 3071, 1779]
20150810 13:49_[9865, 9601, 9337, 1069]
20150810 13:50_[2829, 3409, 3616, 8785]
20150810 13:51_[2413, 8486, 9353, 8597]
20150810 13:52_[3499, 8603, 9357, 8251]
20150810 13:53_[7047, 6659, 6193, 4174]
20150810 13:54_[7797, 3661, 1492, 5183]
20150810 13:55_[4283, 7255, 2042, 8104]
20150810 13:56_[8631, 8322, 6110, 9402]
20150810 13:57_[2448, 3170, 9740, 7684]
20150810 13:58_[3167, 3357, 7330, 2578]
20150810 13:59_[6472, 1174, 9633, 3989]
20150810 14:00_[7636, 7910, 1668, 4693]
20150810 14:01_[9155, 9194, 4185, 5417]
20150810 14:02_[1717, 2790, 5057, 4270]
20150810 14:03_[9758, 7670, 6444, 1342]
20150810 14:04_[6697, 4753, 8846, 5701]
20150810 14:05_[5829, 4508, 1621, 9350]
20150810 14:06_[9955, 5354, 2425, 1282]
20150810 14:07_[1956, 1282, 5755, 6496]
20150810 14:08_[5984, 1666, 5463, 7682]
20150810 14:09_[5456, 1919, 2281, 5121]
20150810 14:10_[1456, 9061, 9143, 8024]
20150810 14:11_[7884, 4004, 1334, 2754]
20150810 14:12_[8861, 3858, 5478, 5252]
20150810 14:13_[6345, 7787, 4194, 2020]
20150810 14:14_[4799, 3378, 4009, 5758]
20150810 14:15_[5587, 6779, 5413, 5435]
20150810 14:16_[8700, 8044, 8061, 1413]
20150810 14:17_[3041, 8353, 1943, 9201]
20150810 14:18_[4292, 2645, 4960, 1696]
20150810 14:19_[3862, 2224, 3051, 9689]
20150810 14:20_[1047, 3775, 6474, 9000]
20150810 14:21_[4728, 7726, 6086, 8881]
20150810 14:22_[9404, 6962, 2489, 1550]
20150810 14:23_[6560, 2367, 8971, 1313]
20150810 14:24_[6195, 3398, 1610, 2567]
20150810 14:25_[2529, 5451, 9497, 3557]
20150810 14:26_[9617, 6573, 5286, 2582]
20150810 14:27_[7793, 7432, 1716, 3432]
20150810 14:28_[3338, 5463, 2808, 9765]
20150810 14:29_[3112, 8597, 7580, 6235]
20150810 14:30_[2952, 6429, 9475, 2328]
20150810 14:31_[2090, 2516, 9551, 1947]
20150810 14:32_[9254, 7316, 8055, 4765]
20150810 14:33_[7959, 8945, 3450, 2557]
20150810 14:34_[7357, 8589, 9862, 6055]
20150810 14:35_[9275, 3527, 3039, 7119]
20150810 14:36_[8313, 3476, 2388, 4185]
20150810 14:37_[9475, 7409, 6098, 4441]
20150810 14:38_[1350, 1665, 4118, 2466]
20150810 14:39_[4126, 6944, 4710, 6440]
20150810 14:40_[6189, 6937, 6946, 1416]
20150810 14:41_[4417, 3881, 3226, 4836]
20150810 14:42_[9873, 1926, 5093, 7748]
20150810 14:43_[8409, 8097, 2347, 1876]
20150810 14:44_[9064, 2570, 1474, 2158]
20150810 14:45_[1845, 3645, 7556, 1513]
20150810 14:46_[6834, 8088, 7166, 2603]
20150810 14:47_[9651, 7837, 9353, 2257]
20150810 14:48_[5722, 4024, 2658, 7188]
20150810 14:49_[9051, 6311, 1582, 6464]
20150810 14:50_[7112, 6221, 1960, 2827]
20150810 14:51_[2167, 4935, 2311, 9828]
20150810 14:52_[7776, 2753, 1625, 3106]
20150810 14:53_[7274, 2194, 2337, 4626]
20150810 14:54_[1970, 4547, 7835, 6270]
20150810 14:55_[8177, 5666, 3709, 6631]
20150810 14:56_[4791, 6584, 4674, 2648]
20150810 14:57_[4421, 2781, 4054, 4683]
20150810 14:58_[7380, 9945, 8496, 4555]
20150810 14:59_[2689, 5926, 2268, 9992]
20150810 15:00_[9422, 6933, 5555, 2764]
20150810 15:01_[5504, 8714, 9927, 3415]
20150810 15:02_[3562, 6224, 7428, 9759]
20150810 15:03_[9400, 8219, 4047, 7592]
20150810 15:04_[6761, 2946, 5013, 4238]
20150810 15:05_[5355, 8077, 3709, 1443]
20150810 15:06_[9401, 1224, 8349, 3894]
20150810 15:07_[6279, 7823, 3099, 5363]
20150810 15:08_[9602, 5987, 1242, 9637]
20150810 15:09_[8869, 6204, 1637, 7270]
20150810 15:10_[3429, 6456, 5921, 5800]
20150810 15:11_[5822, 7760, 8141, 4416]
20150810 15:12_[6476, 6511, 9593, 2871]
20150810 15:13_[4839, 7956, 4174, 3838]
20150810 15:14_[4129, 2458, 1644, 1854]
20150810 15:15_[1218, 3858, 6990, 2144]
20150810 15:16_[3682, 5814, 8900, 5238]
20150810 15:17_[8136, 4968, 8790, 1454]
20150810 15:18_[3540, 6177, 8865, 6594]
20150810 15:19_[3290, 5263, 8399, 5417]
20150810 15:20_[8971, 2197, 5491, 2385]
20150810 15:21_[2705, 2685, 5016, 5606]
20150810 15:22_[3243, 7397, 4354, 5190]
20150810 15:23_[1476, 5458, 6389, 2013]
20150810 15:24_[3240, 4374, 7802, 8514]
20150810 15:25_[3381, 6583, 8232, 2742]
20150810 15:26_[6590, 6476, 1761, 7561]
20150810 15:27_[7550, 8152, 1189, 8986]
20150810 15:28_[6688, 1790, 1352, 1857]
20150810 15:29_[7475, 2563, 8194, 3004]
20150810 15:30_[9573, 2248, 8379, 1791]
20150810 15:31_[6465, 7178, 9225, 7622]
20150810 15:32_[1255, 8211, 9644, 6963]
20150810 15:33_[1008, 8895, 3114, 4714]
20150810 15:34_[1958, 1874, 8835, 2741]
20150810 15:35_[2686, 8227, 4178, 4425]
20150810 15:36_[3156, 4429, 5856, 9147]
20150810 15:37_[3646, 3518, 9797, 4045]
20150810 15:38_[2969, 8743, 8117, 4096]
20150810 15:39_[3948, 8940, 3436, 8309]
20150810 15:40_[9696, 7665, 9794, 3436]
20150810 15:41_[3823, 8996, 8234, 9946]
20150810 15:42_[9275, 8275, 7686, 9246]
20150810 15:43_[1012, 5066, 1705, 9289]
20150810 15:44_[7252, 3895, 9976, 8607]
20150810 15:45_[3652, 6240, 6605, 8605]
20150810 15:46_[5320, 8446, 6218, 4893]
20150810 15:47_[6583, 8225, 7494, 5515]
20150810 15:48_[2128, 8475, 1296, 1175]
20150810 15:49_[4000, 8854, 1811, 7723]
20150810 15:50_[9615, 1423, 6073, 5776]
20150810 15:51_[5114, 9265, 5212, 4646]
20150810 15:52_[5249, 4928, 3615, 3454]
20150810 15:53_[1820, 6953, 1407, 4210]
20150810 15:54_[6799, 2156, 7142, 4752]
20150810 15:55_[4234, 7117, 8125, 6238]
20150810 15:56_[7475, 9329, 9084, 7110]
20150810 15:57_[3329, 6860, 3984, 9151]
20150810 15:58_[8832, 7779, 6652, 5507]
20150810 15:59_[8546, 3066, 6685, 9805]
20150810 16:00_[8834, 2666, 6282, 1219]
20150810 16:01_[2188, 5572, 7761, 4099]
20150810 16:02_[1546, 1569, 6716, 9850]
20150810 16:03_[8545, 5622, 4220, 7211]
20150810 16:04_[3641, 2498, 1023, 5534]
20150810 16:05_[6362, 8891, 3857, 7181]
20150810 16:06_[6546, 3216, 5979, 1183]
20150810 16:07_[8431, 1745, 2702, 4063]
20150810 16:08_[6730, 9396, 7150, 4296]
20150810 16:09_[3885, 9494, 6771, 6207]
20150810 16:10_[1328, 7237, 5693, 9664]
20150810 16:11_[7016, 9541, 3015, 8919]
20150810 16:12_[8023, 4887, 7600, 3989]
20150810 16:13_[9879, 1526, 4185, 4959]
20150810 16:14_[1457, 7728, 1413, 8063]
20150810 16:15_[8630, 6141, 5940, 4998]
20150810 16:16_[3860, 8713, 1532, 9301]
20150810 16:17_[9934, 6499, 4856, 5529]
20150810 16:18_[5406, 4493, 9072, 5557]
20150810 16:19_[7975, 6942, 6631, 9730]
20150810 16:20_[1865, 6387, 5840, 7956]
20150810 16:21_[2565, 1252, 7514, 1904]
20150810 16:22_[2322, 4874, 1194, 7041]
20150810 16:23_[5820, 4736, 2383, 8483]
20150810 16:24_[5120, 2079, 2031, 4878]
20150810 16:25_[9164, 4303, 7071, 6717]
20150810 16:26_[5420, 7035, 6571, 8692]
20150810 16:27_[3215, 3564, 3394, 8595]
20150810 16:28_[5807, 4666, 4321, 4160]
20150810 16:29_[1141, 8027, 6345, 4572]
20150810 16:30_[7298, 5185, 7457, 2641]
20150810 16:31_[1119, 9961, 5050, 8824]
20150810 16:32_[7884, 3272, 4804, 8431]
20150810 16:33_[1189, 2429, 6507, 3636]
20150810 16:34_[7289, 6926, 2316, 1808]
20150810 16:35_[4876, 7797, 4512, 3068]
20150810 16:36_[4492, 5307, 8135, 1146]
20150810 16:37_[7582, 1703, 1731, 9084]
20150810 16:38_[5860, 5056, 3417, 2948]
20150810 16:39_[3724, 5651, 1853, 7588]
20150810 16:40_[4669, 1297, 4792, 4152]
20150810 16:41_[2424, 4397, 2042, 4361]
20150810 16:42_[1294, 6836, 2259, 8421]
20150810 16:43_[3048, 3926, 5294, 7867]
20150810 16:44_[4951, 6763, 8177, 4791]
20150810 16:45_[2192, 1137, 1354, 8362]
20150810 16:46_[2699, 4535, 1599, 2522]
20150810 16:47_[3114, 6396, 1278, 5635]
20150810 16:48_[1590, 1519, 7537, 1543]
20150810 16:49_[5640, 7841, 5019, 3700]
20150810 16:50_[1723, 3963, 6325, 5600]
20150810 16:51_[1192, 2693, 1658, 7684]
20150810 16:52_[6339, 5399, 8335, 2367]
20150810 16:53_[4905, 8225, 4676, 4838]
20150810 16:54_[3717, 9284, 7839, 9668]
20150810 16:55_[2903, 7470, 3306, 9957]
20150810 16:56_[8636, 5444, 8546, 7214]
20150810 16:57_[8614, 8379, 7002, 9724]
20150810 16:58_[8351, 3768, 1092, 7430]
20150810 16:59_[4107, 5034, 6163, 9580]
20150810 17:00_[4072, 5223, 7407, 1466]
20150810 17:01_[9201, 4714, 4370, 6908]
20150810 17:02_[7689, 8910, 9939, 7912]
20150810 17:03_[1100, 3852, 7878, 4536]
20150810 17:04_[2590, 3076, 6778, 3553]
20150810 17:05_[7467, 6640, 5743, 1252]
20150810 17:06_[9051, 9956, 6420, 2750]
20150810 17:07_[5692, 2475, 8754, 7478]
20150810 17:08_[7586, 6278, 6375, 8649]
20150810 17:09_[7054, 3819, 6231, 6051]
20150810 17:10_[9474, 1683, 4283, 6398]
20150810 17:11_[9368, 9824, 1948, 1917]
20150810 17:12_[6655, 4976, 3627, 2249]
20150810 17:13_[4310, 3339, 4696, 8131]
20150810 17:14_[1743, 6054, 6123, 8846]
20150810 17:15_[8916, 4560, 9678, 2227]
20150810 17:16_[5670, 2585, 7592, 4784]
20150810 17:17_[2344, 6572, 8026, 1594]
20150810 17:18_[8628, 9052, 7013, 8617]
20150810 17:19_[1454, 5284, 3711, 7541]
20150810 17:20_[2593, 1161, 9029, 4828]
20150810 17:21_[9780, 8446, 7377, 4173]
20150810 17:22_[2581, 5092, 5349, 7524]
20150810 17:23_[2392, 4879, 3297, 2370]
20150810 17:24_[2076, 6004, 6307, 2849]
20150810 17:25_[5871, 6306, 7104, 4839]
20150810 17:26_[1032, 5073, 3888, 1064]
20150810 17:27_[2460, 2147, 3579, 6713]
20150810 17:28_[6462, 3978, 4494, 5142]
20150810 17:29_[8587, 6231, 7862, 7994]
20150810 17:30_[2276, 9402, 6490, 5427]
20150810 17:31_[7201, 8649, 2980, 3473]
20150810 17:32_[8935, 5314, 7336, 6000]
20150810 17:33_[4675, 9071, 9811, 2309]
20150810 17:34_[2834, 1543, 3718, 2096]
20150810 17:35_[9747, 2596, 7466, 9340]
20150810 17:36_[1379, 5517, 4456, 2210]
20150810 17:37_[2242, 1219, 6339, 9409]
20150810 17:38_[4761, 5212, 1230, 2220]
20150810 17:39_[2396, 5615, 3977, 5621]
20150810 17:40_[4165, 1160, 1777, 3798]
20150810 17:41_[1206, 2326, 4490, 9640]
20150810 17:42_[9935, 5875, 2224, 1535]
20150810 17:43_[1157, 8106, 7413, 6482]
20150810 17:44_[1567, 3269, 5504, 3271]
20150810 17:45_[5909, 6643, 1293, 9091]
20150810 17:46_[6362, 5918, 3356, 1656]
20150810 17:47_[9984, 5069, 5007, 6674]
20150810 17:48_[6216, 4974, 9130, 3619]
20150810 17:49_[7949, 5831, 1811, 8952]
20150810 17:50_[8514, 6873, 1529, 2207]
20150810 17:51_[9031, 3212, 5067, 7035]
20150810 17:52_[8573, 4283, 3316, 1877]
20150810 17:53_[4282, 5939, 6716, 7184]
20150810 17:54_[4626, 8930, 8921, 9525]
20150810 17:55_[9307, 2065, 4351, 2840]
20150810 17:56_[4260, 9032, 6826, 7376]
20150810 17:57_[7864, 2459, 1717, 1315]
20150810 17:58_[7813, 8008, 9960, 7488]
20150810 17:59_[4416, 7860, 6649, 7089]
20150810 18:00_[4637, 8552, 3982, 2336]
20150810 18:01_[5572, 3203, 5863, 3949]
20150810 18:02_[1875, 2967, 5334, 1246]
20150810 18:03_[8256, 9573, 1636, 3843]
20150810 18:04_[7317, 8366, 5438, 2022]
20150810 18:05_[5791, 9458, 3829, 5701]
20150810 18:06_[2086, 8013, 1503, 6734]
20150810 18:07_[1875, 4944, 1686, 9989]
20150810 18:08_[2261, 4428, 8545, 5887]
20150810 18:09_[9709, 6094, 1072, 6444]
20150810 18:10_[2687, 9441, 4836, 8586]
20150810 18:11_[3306, 5135, 6712, 9234]
20150810 18:12_[9444, 1561, 8922, 1138]
20150810 18:13_[1773, 8257, 2228, 7133]
20150810 18:14_[1397, 3572, 6154, 5386]
20150810 18:15_[3875, 8198, 7171, 1902]
20150810 18:16_[5583, 8114, 6710, 6156]
20150810 18:17_[3553, 5022, 9879, 8971]
20150810 18:18_[5869, 1155, 6990, 8654]
20150810 18:19_[8633, 5395, 8502, 2961]
20150810 18:20_[7374, 8150, 1644, 7351]
20150810 18:21_[8065, 7422, 7231, 6595]
20150810 18:22_[8285, 3216, 7986, 1387]
20150810 18:23_[1532, 4010, 9383, 3947]
20150810 18:24_[7018, 4752, 3273, 3015]
20150810 18:25_[5772, 7218, 7599, 1204]
20150810 18:26_[4038, 1800, 9245, 6321]
20150810 18:27_[5473, 6844, 8880, 6213]
20150810 18:28_[8812, 7918, 9787, 8087]
20150810 18:29_[9544, 8893, 2460, 2345]
20150810 18:30_[8664, 7258, 6345, 4060]
20150810 18:31_[3526, 1907, 2604, 7645]
20150810 18:32_[1601, 6106, 6024, 4132]
20150810 18:33_[5835, 9470, 9243, 9534]
20150810 18:34_[5835, 3827, 5931, 8435]
20150810 18:35_[5696, 6687, 5223, 8017]
20150810 18:36_[6241, 7695, 5317, 9360]
20150810 18:37_[1951, 1987, 2750, 1888]
20150810 18:38_[6618, 2083, 8573, 4535]
20150810 18:39_[5028, 9092, 8755, 6064]
20150810 18:40_[6955, 6345, 8270, 7997]
20150810 18:41_[6105, 7239, 5105, 3212]
20150810 18:42_[1150, 4963, 7048, 1632]
20150810 18:43_[7131, 3283, 2567, 5525]
20150810 18:44_[1822, 3025, 3620, 3363]
20150810 18:45_[1545, 1665, 1087, 4547]
20150810 18:46_[7839, 5425, 2666, 8075]
20150810 18:47_[2773, 6492, 2962, 7921]
20150810 18:48_[7313, 5635, 6943, 5891]
20150810 18:49_[4334, 2203, 4518, 9631]
20150810 18:50_[1892, 1235, 9087, 2169]
20150810 18:51_[7460, 2520, 9631, 6344]
20150810 18:52_[4961, 8783, 5336, 8512]
20150810 18:53_[9437, 8961, 8999, 7552]
20150810 18:54_[3679, 6882, 3836, 5428]
20150810 18:55_[8811, 6760, 7382, 9637]
20150810 18:56_[4994, 2414, 3556, 5934]
20150810 18:57_[9175, 1901, 9293, 4743]
20150810 18:58_[2472, 3896, 7661, 6591]
20150810 18:59_[3866, 2204, 8213, 2323]
20150810 19:00_[3121, 5005, 6731, 1293]
20150810 19:01_[6497, 3388, 3457, 4898]
20150810 19:02_[3497, 6569, 5301, 5558]
20150810 19:03_[6661, 7970, 9115, 1523]
20150810 19:04_[2354, 2615, 1319, 3503]
20150810 19:05_[6723, 2219, 2961, 9200]
20150810 19:06_[5490, 7050, 7542, 2137]
20150810 19:07_[9862, 5985, 4949, 9630]
20150810 19:08_[1195, 8627, 1368, 5983]
20150810 19:09_[3929, 5383, 8243, 3768]
20150810 19:10_[5892, 6699, 9768, 9089]
20150810 19:11_[9593, 5015, 5192, 1555]
20150810 19:12_[2990, 6703, 6666, 3192]
20150810 19:13_[5335, 5953, 6158, 6420]
20150810 19:14_[9319, 5422, 2465, 8685]
20150810 19:15_[2232, 2030, 8424, 1623]
20150810 19:16_[7970, 4605, 8430, 2882]
20150810 19:17_[6579, 9214, 1505, 2434]
20150810 19:18_[8826, 3934, 2206, 5685]
20150810 19:19_[4776, 6199, 3107, 8331]
20150810 19:20_[4273, 4300, 3633, 5544]
20150810 19:21_[3582, 1579, 2063, 4363]
20150810 19:22_[3149, 3748, 2561, 1252]
20150810 19:23_[1139, 3460, 1985, 4128]
20150810 19:24_[7605, 9522, 8959, 6289]
20150810 19:25_[8441, 8534, 1460, 6593]
20150810 19:26_[6483, 7761, 1265, 4769]
20150810 19:27_[8052, 5346, 5192, 3014]
20150810 19:28_[7048, 2992, 8548, 4973]
20150810 19:29_[6538, 7610, 3213, 5050]
20150810 19:30_[2986, 9554, 9197, 6127]
20150810 19:31_[6320, 5492, 7973, 8705]
20150810 19:32_[2210, 5435, 4372, 7651]
20150810 19:33_[7369, 9026, 3216, 4052]
20150810 19:34_[4322, 6408, 4828, 2025]
20150810 19:35_[5371, 6938, 8736, 3951]
20150810 19:36_[4267, 1059, 3460, 7754]
20150810 19:37_[6173, 7861, 6258, 7104]
20150810 19:38_[2136, 5977, 4874, 1798]
20150810 19:39_[7710, 9631, 2384, 4133]
20150810 19:40_[8098, 6761, 3616, 8081]
20150810 19:41_[4836, 9755, 1668, 6763]
20150810 19:42_[7928, 8693, 4381, 2101]
20150810 19:43_[8666, 5682, 4468, 8172]
20150810 19:44_[9352, 6301, 3916, 7865]
20150810 19:45_[4580, 2495, 9129, 4432]
20150810 19:46_[7598, 7390, 3490, 5487]
20150810 19:47_[2917, 4052, 5136, 2602]
20150810 19:48_[4286, 2012, 5712, 4781]
20150810 19:49_[2474, 2807, 7575, 6265]
20150810 19:50_[3465, 8118, 4417, 2056]
20150810 19:51_[2863, 1486, 1573, 1375]
20150810 19:52_[8127, 8422, 8926, 9287]
20150810 19:53_[2856, 3293, 9351, 8678]
20150810 19:54_[9957, 2444, 9747, 4899]
20150810 19:55_[2986, 3067, 5977, 2611]
20150810 19:56_[2596, 9450, 3639, 8784]
20150810 19:57_[9317, 2476, 4843, 5803]
20150810 19:58_[8112, 1736, 5076, 7949]
20150810 19:59_[6664, 1153, 9709, 4724]
20150810 20:00_[9757, 7790, 4027, 8449]
20150810 20:01_[6794, 9336, 9246, 9190]
20150810 20:02_[3491, 1686, 6500, 1313]
20150810 20:03_[7800, 9092, 4807, 3218]
20150810 20:04_[2044, 2402, 5211, 8279]
20150810 20:05_[7328, 7209, 8874, 3001]
20150810 20:06_[3093, 7466, 3215, 9588]
20150810 20:07_[5420, 3863, 2930, 8297]
20150810 20:08_[3592, 7529, 7186, 8944]
20150810 20:09_[7839, 2530, 8088, 2604]
20150810 20:10_[2692, 2911, 3969, 1093]
20150810 20:11_[4697, 6600, 7200, 8791]
20150810 20:12_[8000, 5443, 7914, 1200]
20150810 20:13_[5737, 7783, 7401, 4402]
20150810 20:14_[9760, 5962, 9122, 2811]
20150810 20:15_[2222, 6293, 3452, 9497]
20150810 20:16_[5097, 8540, 1413, 1211]
20150810 20:17_[2171, 1021, 3609, 8050]
20150810 20:18_[2501, 4771, 4196, 4288]
20150810 20:19_[8891, 4024, 2517, 7307]
20150810 20:20_[3341, 2273, 1763, 2929]
20150810 20:21_[9704, 9289, 1769, 3710]
20150810 20:22_[5432, 3147, 1142, 6228]
20150810 20:23_[8967, 6309, 3046, 9575]
20150810 20:24_[3826, 1120, 9275, 5014]
20150810 20:25_[2181, 3272, 4782, 8196]
20150810 20:26_[6499, 6472, 1642, 1162]
20150810 20:27_[2874, 8532, 5650, 2320]
20150810 20:28_[2305, 3180, 5404, 1203]
20150810 20:29_[7367, 6680, 1952, 7194]
20150810 20:30_[3666, 9755, 6906, 8794]
20150810 20:31_[8586, 7305, 1136, 3438]
20150810 20:32_[2845, 9942, 7965, 6593]
20150810 20:33_[3907, 9451, 6423, 9238]
20150810 20:34_[3310, 3752, 4282, 9739]
20150810 20:35_[9326, 9340, 2137, 9246]
20150810 20:36_[5199, 1878, 1822, 7644]
20150810 20:37_[9513, 3296, 6729, 8330]
20150810 20:38_[9516, 8582, 3751, 4233]
20150810 20:39_[9922, 7038, 8353, 6500]
20150810 20:40_[8794, 7152, 9958, 6373]
20150810 20:41_[4956, 8402, 4243, 6679]
20150810 20:42_[5894, 7892, 3410, 3510]
20150810 20:43_[3116, 8000, 1900, 9220]
20150810 20:44_[5516, 2278, 4105, 5563]
20150810 20:45_[2444, 5480, 4356, 6482]
20150810 20:46_[7741, 7012, 4318, 9975]
20150810 20:47_[6763, 8232, 1522, 2619]
20150810 20:48_[6700, 9195, 3296, 8462]
20150810 20:49_[9398, 5647, 5318, 9184]
20150810 20:50_[9931, 1190, 6326, 2432]
20150810 20:51_[5425, 3945, 8542, 6186]
20150810 20:52_[1059, 3813, 2130, 8002]
20150810 20:53_[3464, 2823, 5208, 8743]
20150810 20:54_[3875, 7760, 6763, 1281]
20150810 20:55_[6722, 2630, 7216, 1119]
20150810 20:56_[3094, 5082, 6140, 2859]
20150810 20:57_[3627, 4343, 9592, 1746]
20150810 20:58_[7492, 8659, 5351, 6693]
20150810 20:59_[7461, 7784, 5208, 4416]
20150810 21:00_[5317, 3166, 9524, 8656]
20150810 21:01_[7155, 2874, 1420, 3863]
20150810 21:02_[8765, 2355, 6603, 1140]
20150810 21:03_[5882, 1690, 5263, 3119]
20150810 21:04_[3779, 1621, 2433, 3313]
20150810 21:05_[2828, 7903, 6558, 8415]
20150810 21:06_[2511, 4014, 2368, 1541]
20150810 21:07_[9266, 9864, 8191, 2196]
20150810 21:08_[1471, 6484, 6142, 9868]
20150810 21:09_[6308, 1450, 1915, 9724]
20150810 21:10_[6788, 9975, 2644, 9997]
20150810 21:11_[3202, 7426, 3704, 2163]
20150810 21:12_[3511, 5069, 2973, 6828]
20150810 21:13_[6518, 2137, 3040, 7585]
20150810 21:14_[4971, 6678, 7799, 7630]
20150810 21:15_[6949, 4060, 7530, 6877]
20150810 21:16_[4603, 1687, 4487, 6547]
20150810 21:17_[8128, 2738, 5601, 7716]
20150810 21:18_[6227, 6081, 2473, 3393]
20150810 21:19_[1752, 7126, 2293, 4374]
20150810 21:20_[4424, 5954, 4151, 6646]
20150810 21:21_[9155, 8693, 5065, 9853]
20150810 21:22_[2790, 6283, 5315, 9242]
20150810 21:23_[3217, 9327, 5666, 7778]
20150810 21:24_[5546, 7030, 6583, 4945]
20150810 21:25_[7964, 1150, 9031, 7383]
20150810 21:26_[3709, 8954, 9418, 6647]
20150810 21:27_[4547, 5970, 5597, 5350]
20150810 21:28_[5048, 5094, 7889, 1237]
20150810 21:29_[7173, 7364, 9000, 5554]
20150810 21:30_[1400, 1265, 6160, 5401]
20150810 21:31_[3269, 9884, 5522, 7863]
20150810 21:32_[7345, 2722, 3142, 5073]
20150810 21:33_[4267, 5314, 3482, 9906]
20150810 21:34_[9243, 3173, 6681, 6533]
20150810 21:35_[5172, 1443, 6851, 2938]
20150810 21:36_[5628, 3889, 3403, 3402]
20150810 21:37_[5577, 9748, 4073, 7191]
20150810 21:38_[7791, 3487, 7776, 8345]
20150810 21:39_[6732, 5193, 2349, 5952]
20150810 21:40_[4480, 5128, 9405, 5460]
20150810 21:41_[9166, 3978, 5258, 3287]
20150810 21:42_[2268, 9550, 7937, 9573]
20150810 21:43_[6319, 9675, 3936, 5528]
20150810 21:44_[4780, 2753, 5207, 5882]
20150810 21:45_[8350, 5534, 2467, 1471]
20150810 21:46_[8957, 4124, 5486, 4619]
20150810 21:47_[8869, 8342, 7467, 6785]
20150810 21:48_[9646, 9922, 6409, 3810]
20150810 21:49_[2386, 5926, 3964, 9810]
20150810 21:50_[3069, 7033, 8619, 1783]
20150810 21:51_[1925, 3224, 7025, 8955]
20150810 21:52_[5399, 2714, 2557, 1947]
20150810 21:53_[6139, 4781, 8677, 5684]
20150810 21:54_[6521, 4161, 5775, 4728]
20150810 21:55_[8111, 6946, 2409, 6608]
20150810 21:56_[5190, 7740, 3192, 2165]
20150810 21:57_[7402, 7426, 3634, 6564]
20150810 21:58_[2054, 7704, 4677, 2580]
20150810 21:59_[8113, 9959, 6464, 4724]
20150810 22:00_[1368, 8825, 7031, 6867]
20150810 22:01_[9478, 5548, 4326, 5615]
20150810 22:02_[8725, 4906, 3322, 8981]
20150810 22:03_[8377, 8698, 5153, 2547]
20150810 22:04_[4295, 4560, 4728, 1075]
20150810 22:05_[8178, 8526, 6949, 4595]
20150810 22:06_[5785, 3733, 4000, 8438]
20150810 22:07_[5163, 7508, 7751, 2394]
20150810 22:08_[6456, 3843, 6842, 2117]
20150810 22:09_[8387, 5944, 1352, 7114]
20150810 22:10_[1762, 7563, 3382, 7046]
20150810 22:11_[5493, 1574, 8101, 2227]
20150810 22:12_[4855, 1508, 1168, 4809]
20150810 22:13_[4418, 3971, 7055, 6033]
20150810 22:14_[9855, 7124, 5583, 6615]
20150810 22:15_[4841, 1023, 7291, 4568]
20150810 22:16_[5921, 8713, 7990, 3443]
20150810 22:17_[6022, 3242, 2530, 3982]
20150810 22:18_[2595, 2125, 3720, 1981]
20150810 22:19_[3004, 7523, 2225, 6726]
20150810 22:20_[6641, 6445, 6473, 3050]
20150810 22:21_[7618, 9478, 8132, 1680]
20150810 22:22_[1160, 9025, 4098, 9918]
20150810 22:23_[5378, 7625, 2777, 1895]
20150810 22:24_[1895, 4384, 5664, 6794]
20150810 22:25_[5363, 2715, 6811, 2079]
20150810 22:26_[4700, 2461, 5611, 1145]
20150810 22:27_[1533, 5544, 4557, 4041]
20150810 22:28_[2980, 3900, 9836, 2447]
20150810 22:29_[5222, 7410, 3655, 7405]
20150810 22:30_[1049, 3083, 5026, 6380]
20150810 22:31_[5959, 1715, 1912, 9108]
20150810 22:32_[4520, 1118, 3284, 6858]
20150810 22:33_[8017, 2899, 8183, 3844]
20150810 22:34_[6872, 6307, 5940, 8596]
20150810 22:35_[8034, 3886, 7826, 6533]
20150810 22:36_[7088, 6684, 9192, 8860]
20150810 22:37_[1683, 8139, 7000, 4797]
20150810 22:38_[9789, 3949, 2036, 4553]
20150810 22:39_[8031, 9467, 1773, 3793]
20150810 22:40_[1854, 3516, 4525, 4771]
20150810 22:41_[6480, 8571, 5176, 8469]
20150810 22:42_[4888, 4562, 5506, 1221]
20150810 22:43_[8198, 6122, 2893, 6800]
20150810 22:44_[9983, 5024, 9331, 8473]
20150810 22:45_[3627, 6477, 5151, 9047]
20150810 22:46_[3708, 5485, 4013, 1950]
20150810 22:47_[7721, 3511, 1503, 3491]
20150810 22:48_[8163, 9501, 1980, 5181]
20150810 22:49_[4559, 8833, 8225, 9952]
20150810 22:50_[7961, 6603, 1101, 5819]
20150810 22:51_[3828, 8044, 9547, 7014]
20150810 22:52_[4806, 8564, 2354, 4270]
20150810 22:53_[7371, 7069, 8761, 4050]
20150810 22:54_[1324, 6047, 9693, 2424]
20150810 22:55_[4412, 8099, 3107, 6472]
20150810 22:56_[5264, 2653, 1731, 4794]
20150810 22:57_[4242, 1187, 9949, 4141]
20150810 22:58_[8828, 1080, 2907, 5641]
20150810 22:59_[7954, 5694, 8472, 1673]
20150810 23:00_[7555, 4672, 6078, 2835]
20150810 23:01_[3437, 3342, 4394, 2360]
20150810 23:02_[4788, 4616, 9819, 2404]
20150810 23:03_[1792, 2847, 4386, 8922]
20150810 23:04_[6262, 7913, 3067, 9612]
20150810 23:05_[7947, 1625, 9455, 1210]
20150810 23:06_[3897, 1911, 5053, 2264]
20150810 23:07_[9467, 8269, 7145, 9636]
20150810 23:08_[6253, 2591, 1931, 7219]
20150810 23:09_[1757, 8066, 2021, 4614]
20150810 23:10_[8304, 7560, 5007, 8183]
20150810 23:11_[7992, 6196, 1297, 5032]
20150810 23:12_[2068, 3332, 4480, 2264]
20150810 23:13_[1600, 4192, 7658, 6975]
20150810 23:14_[4024, 4046, 3489, 2728]
20150810 23:15_[3762, 7011, 3273, 7024]
20150810 23:16_[2974, 8970, 8876, 1746]
20150810 23:17_[6345, 8808, 5327, 5130]
20150810 23:18_[9696, 9006, 8151, 6850]
20150810 23:19_[5224, 6809, 8239, 3971]
20150810 23:20_[9470, 8189, 5129, 1038]
20150810 23:21_[2085, 6140, 6955, 5800]
20150810 23:22_[6067, 2758, 8594, 4799]
20150810 23:23_[2336, 6906, 7010, 8067]
20150810 23:24_[6355, 8127, 7132, 2428]
20150810 23:25_[2029, 7216, 8239, 8782]
20150810 23:26_[1690, 8217, 1197, 4646]
20150810 23:27_[2781, 8548, 3450, 2881]
20150810 23:28_[6294, 1970, 3151, 6958]
20150810 23:29_[2842, 1082, 2581, 2768]
20150810 23:30_[4780, 2296, 5871, 5607]
20150810 23:31_[7006, 4523, 9817, 6217]
20150810 23:32_[3075, 6652, 2809, 5035]
20150810 23:33_[1281, 2979, 9674, 2267]
20150810 23:34_[2225, 9407, 4418, 7617]
20150810 23:35_[3703, 5908, 6198, 7979]
20150810 23:36_[3283, 3329, 5952, 3866]
20150810 23:37_[5173, 3940, 5689, 6879]
20150810 23:38_[9843, 7757, 8621, 3188]
20150810 23:39_[7730, 4568, 3574, 7150]
20150810 23:40_[6324, 2325, 7508, 2956]
20150810 23:41_[3418, 4375, 2521, 1675]
20150810 23:42_[2371, 9881, 9143, 1022]
20150810 23:43_[3210, 2570, 3964, 3356]
20150810 23:44_[7853, 6513, 3684, 7844]
20150810 23:45_[6621, 1997, 9255, 1075]
20150810 23:46_[6510, 9560, 9094, 1521]
20150810 23:47_[9628, 4109, 3510, 7636]
20150810 23:48_[6734, 7467, 6849, 3634]
20150810 23:49_[3275, 8733, 8646, 3491]
20150810 23:50_[2259, 4670, 9473, 1415]
20150810 23:51_[8617, 8728, 6788, 4560]
20150810 23:52_[1921, 9569, 6658, 3541]
20150810 23:53_[1732, 9943, 2200, 8833]
20150810 23:54_[7049, 6592, 4643, 5763]
20150810 23:55_[3123, 2006, 3003, 5656]
20150810 23:56_[8663, 4469, 2774, 2359]
20150810 23:57_[8561, 6391, 9537, 5368]
20150810 23:58_[9779, 9021, 1672, 4595]
20150810 23:59_[3421, 6463, 5388, 8583]
