201508281412,5964, 6374, 9975
201508281413,6858, 9353, 3045
201508281414,8824, 7170, 0709
201508281415,8850, 2159, 4238
201508281416,4611, 9239, 6836
201508281417,4219, 3572, 1263
201508281418,6827, 3803, 7082
201508281419,5490, 3255, 8808
201508281420,9169, 4598, 8420
201508281421,2069, 4205, 3030
201508281422,7876, 1067, 6239
201508281423,4058, 4971, 6822
201508281424,4359, 6350, 0622
201508281425,8672, 7010, 7887
201508281426,2988, 3165, 2754
201508281427,5390, 9377, 4874
201508281428,4767, 3089, 7148
201508281429,3909, 6668, 1251
201508281430,6812, 4532, 0442
201508281431,9537, 6047, 9201
201508281432,4760, 1094, 7113
201508281433,7623, 9082, 6631
201508281434,7042, 6942, 9006
201508281435,4416, 9846, 8202
201508281436,1512, 0465, 6706
201508281437,4433, 0325, 1530
201508281438,6204, 2084, 7282
201508281439,1304, 4106, 3146
201508281440,5570, 9664, 9305
201508281441,2080, 7387, 7288
201508281442,0558, 1608, 9850
201508281443,9435, 1700, 2077
201508281444,3278, 7259, 0368
201508281445,1173, 8590, 9835
201508281446,1339, 6065, 3028
201508281447,0298, 3663, 7725
201508281448,4879, 4860, 7125
201508281449,6745, 1113, 8974
201508281450,5439, 0561, 7903
201508281451,3980, 0106, 5320
201508281452,8567, 3292, 6374
201508281453,2275, 2447, 7800
201508281454,8638, 7114, 8039
201508281455,1457, 5726, 3772
201508281456,0581, 8513, 7051
201508281457,9418, 6115, 5245
201508281458,3944, 0044, 8710
201508281459,4952, 9454, 8812
201508281500,1756, 5621, 8289
201508281501,7861, 7417, 0649
201508281502,5299, 0415, 3359
201508281503,4338, 2215, 4775
201508281504,5747, 0920, 9659
201508281505,7324, 4652, 3199
201508281506,5697, 1824, 6763
201508281507,4282, 0928, 1706
201508281508,9132, 1457, 8198
201508281509,3477, 7834, 0491
201508281510,7166, 4986, 4039
201508281511,1462, 3948, 4603
201508281512,0123, 5747, 8792
201508281513,5774, 1023, 2032
201508281514,9321, 2504, 1565
201508281515,9010, 8602, 3444
201508281516,1615, 5918, 4940
201508281517,2117, 1157, 8212
201508281518,0679, 4463, 6909
201508281519,7114, 8356, 1688
201508281520,0290, 7962, 0463
201508281521,5536, 9077, 6913
201508281522,7522, 3123, 9524
201508281523,1034, 8886, 0436
201508281524,8813, 4760, 5786
201508281525,2594, 5373, 2679
201508281526,5309, 4420, 4167
201508281527,8949, 1067, 4874
201508281528,5016, 8009, 2476
201508281529,5622, 1549, 7254
201508281530,0993, 8001, 4657
201508281531,2449, 7685, 3447
201508281532,0797, 8205, 2635
201508281533,5937, 6382, 9786
201508281534,4546, 2563, 6881
201508281535,9665, 8659, 8970
201508281536,3002, 6720, 4870
201508281537,4479, 0956, 4253
201508281538,1453, 1531, 4883
201508281539,7356, 4515, 5784
201508281540,2693, 0148, 2748
201508281541,4546, 4739, 9646
201508281542,8531, 9585, 5214
201508281543,3711, 1159, 1567
201508281544,6000, 8555, 5183
201508281545,2997, 8324, 8872
201508281546,1444, 1684, 7875
201508281547,5682, 6509, 6497
201508281548,1668, 3904, 0964
201508281549,5086, 8168, 4761
201508281550,1119, 9343, 1391
201508281551,8442, 9029, 1728
201508281552,9798, 2444, 4022
201508281553,8113, 5750, 9979
201508281554,9460, 4967, 6304
201508281555,0174, 8798, 2852
201508281556,8903, 2485, 8466
201508281557,4093, 3060, 5662
201508281558,3141, 2077, 8908
201508281559,0583, 6485, 2847
201508281600,3650, 9314, 8063
201508281601,7079, 6307, 9934
201508281602,5795, 3678, 4103
201508281603,8384, 0040, 8419
201508281604,5523, 1924, 1555
201508281605,7116, 5292, 5575
201508281606,2545, 8635, 6404
201508281607,8015, 1905, 5189
201508281608,4318, 2508, 4165
201508281609,2677, 1841, 4179
201508281610,8788, 3023, 1912
201508281611,7363, 6726, 1374
201508281612,1293, 4861, 2011
201508281613,6713, 4718, 3739
201508281614,2400, 2162, 1552
201508281615,2004, 5252, 0859
201508281616,5416, 5593, 9350
201508281617,4884, 5003, 4391
201508281618,1592, 0805, 1413
201508281619,0891, 1355, 8720
201508281620,1198, 7220, 8107
201508281621,7482, 5281, 3436
201508281622,0965, 2217, 1173
201508281623,2371, 3269, 5275
201508281624,6177, 4664, 8468
201508281625,2336, 2603, 4197
201508281626,0672, 5299, 0509
201508281627,4060, 5043, 4335
201508281628,3356, 0511, 2317
201508281629,6618, 8916, 1747
201508281630,7385, 6899, 8688
201508281631,2556, 1698, 9729
201508281632,0730, 7467, 5160
201508281633,8615, 9780, 6683
201508281634,3042, 0736, 9238
201508281635,1549, 8124, 7482
201508281636,7194, 8456, 4259
201508281637,9916, 6571, 2414
201508281638,1622, 7707, 1692
201508281639,3387, 1358, 5467
201508281640,7989, 1465, 0262
201508281641,8718, 6733, 3273
201508281642,7914, 3972, 2659
201508281643,6096, 6140, 1225
201508281644,9865, 4272, 9098
201508281645,8901, 7929, 5546
201508281646,4040, 4788, 6853
201508281647,9555, 7049, 2723
201508281648,0274, 7390, 8883
201508281649,5912, 2806, 4296
201508281650,4953, 8700, 4298
201508281651,4470, 6491, 0946
201508281652,2599, 8508, 2024
201508281653,7443, 3287, 7721
201508281654,0362, 9630, 5756
201508281655,6786, 2681, 5813
201508281656,9432, 0448, 8310
201508281657,0292, 5808, 8357
201508281658,5929, 1161, 1609
201508281659,3266, 4590, 9386
201508281700,1515, 9852, 6397
201508281701,6560, 0066, 9484
201508281702,3880, 0803, 5176
201508281703,2815, 7241, 7745
201508281704,7286, 1383, 4728
201508281705,5736, 3996, 5628
201508281706,6833, 0886, 7180
201508281707,1315, 2023, 0973
201508281708,7370, 1796, 2410
201508281709,1126, 9452, 1824
201508281710,6192, 1353, 8067
201508281711,9759, 5773, 4505
201508281712,2109, 5182, 4512
201508281713,6352, 1388, 4081
201508281714,7416, 0674, 4772
201508281715,4390, 1202, 3026
201508281716,6605, 7042, 1729
201508281717,8978, 1233, 7958
201508281718,6865, 3394, 4441
201508281719,7172, 7990, 0978
201508281720,4792, 5939, 0652
201508281721,2964, 6836, 3950
201508281722,2494, 9518, 3386
201508281723,8202, 9272, 3925
201508281724,9363, 9098, 8648
201508281725,9950, 9349, 9946
201508281726,2720, 4982, 8117
201508281727,2375, 5124, 2362
201508281728,7605, 7134, 2537
201508281729,2474, 3226, 9495
201508281730,1879, 6224, 0675
201508281731,1411, 4290, 2076
201508281732,0982, 9368, 2639
201508281733,0432, 3510, 5390
201508281734,2837, 9321, 2116
201508281735,2611, 6331, 3187
201508281736,8246, 3859, 7238
201508281737,7213, 5471, 3608
201508281738,8760, 3716, 8894
201508281739,0794, 1465, 4034
201508281740,8477, 9403, 2394
201508281741,8921, 5521, 5298
201508281742,6565, 4961, 8606
201508281743,5135, 7329, 4044
201508281744,7985, 1711, 5034
201508281745,2915, 3156, 0617
201508281746,1617, 8799, 5292
201508281747,0164, 4577, 0034
201508281748,7911, 5551, 0036
201508281749,0079, 4287, 6964
201508281750,3944, 1787, 5646
201508281751,4618, 5842, 5671
201508281752,5570, 1922, 9965
201508281753,2624, 6186, 9398
201508281754,9736, 1572, 5951
201508281755,5867, 8429, 7725
201508281756,5963, 2596, 3405
201508281757,8088, 8616, 5230
201508281758,7781, 6917, 5930
201508281759,6102, 3981, 4645
201508281800,8311, 6285, 0899
201508281801,4758, 6382, 3795
201508281802,3162, 4640, 4045
201508281803,9226, 0011, 6208
201508281804,9975, 0168, 6263
201508281805,1399, 7406, 0965
201508281806,6568, 1366, 1634
201508281807,4125, 3520, 5264
201508281808,6602, 4500, 4777
201508281809,2456, 7990, 7118
201508281810,0694, 2176, 7589
201508281811,3245, 4544, 4840
201508281812,7158, 9867, 0480
201508281813,9550, 5508, 3886
201508281814,3344, 7100, 2969
201508281815,0457, 6565, 0172
201508281816,9232, 7988, 5888
201508281817,5304, 2204, 3807
201508281818,9467, 4606, 3600
201508281819,3396, 3518, 4719
201508281820,8300, 4324, 0490
201508281821,6202, 1877, 2793
201508281822,5982, 3704, 8547
201508281823,9168, 1873, 5289
201508281824,5446, 4262, 2121
201508281825,5750, 6875, 2657
201508281826,1230, 5865, 7694
201508281827,2701, 1811, 8136
201508281828,6757, 0402, 2145
201508281829,1249, 8091, 7649
201508281830,2964, 6596, 1715
201508281831,0277, 9116, 3793
201508281832,3378, 7934, 5289
201508281833,1183, 3485, 2709
201508281834,1820, 7144, 3192
201508281835,9094, 7608, 0006
201508281836,6476, 4391, 6086
201508281837,3798, 9630, 0357
201508281838,7180, 0230, 2443
201508281839,1063, 8328, 6706
201508281840,9389, 8898, 5794
201508281841,6036, 6119, 1669
201508281842,4163, 3542, 5827
201508281843,1080, 7551, 1263
201508281844,2161, 5259, 8351
201508281845,4591, 2555, 8673
201508281846,8901, 3468, 5956
201508281847,4630, 6823, 6065
201508281848,1120, 4011, 0826
201508281849,7002, 6650, 2996
201508281850,8753, 8429, 3918
201508281851,4914, 1746, 1424
201508281852,0966, 5599, 7292
201508281853,0525, 1486, 9359
201508281854,7260, 3712, 5069
201508281855,8826, 3402, 8045
201508281856,4803, 3679, 7472
201508281857,3001, 1654, 7976
201508281858,3253, 6746, 4737
201508281859,5557, 5896, 8597
201508281900,9797, 5250, 1010
201508281901,8679, 1222, 0578
201508281902,5116, 0752, 2384
201508281903,9321, 0789, 0214
201508281904,0936, 3405, 6418
201508281905,6415, 1591, 2249
201508281906,9461, 2521, 1083
201508281907,1012, 4592, 7681
201508281908,7086, 9882, 2701
201508281909,2520, 6690, 6205
201508281910,5106, 3472, 8452
201508281911,8667, 1060, 2687
201508281912,9718, 0731, 8868
201508281913,5042, 5010, 3888
201508281914,4460, 9661, 8043
201508281915,1400, 4622, 4935
201508281916,7260, 0460, 4877
201508281917,4886, 9017, 8384
201508281918,1749, 8609, 5060
201508281919,1173, 2680, 3611
201508281920,7642, 4930, 6544
201508281921,9930, 7688, 4127
201508281922,1628, 7393, 4378
201508281923,4347, 3881, 5387
201508281924,9470, 8836, 8249
201508281925,0653, 8055, 6963
201508281926,6598, 6166, 4343
201508281927,6866, 6552, 6420
201508281928,7615, 4139, 6127
201508281929,1293, 7211, 5566
201508281930,1838, 1268, 8030
201508281931,6123, 0687, 5478
201508281932,8283, 0167, 5174
201508281933,4567, 8449, 6873
201508281934,6102, 9387, 6996
201508281935,0207, 3151, 5198
201508281936,5992, 0804, 3067
201508281937,6794, 4798, 0850
201508281938,3442, 2872, 1642
201508281939,2587, 6457, 4271
201508281940,3427, 9268, 3675
201508281941,0852, 3266, 0810
201508281942,1687, 0622, 9573
201508281943,1956, 8719, 0982
201508281944,7746, 8455, 4645
201508281945,4906, 4020, 6528
201508281946,7650, 1494, 5752
201508281947,8223, 1711, 0188
201508281948,7569, 7889, 2177
201508281949,0346, 6430, 2204
201508281950,3809, 1159, 2893
201508281951,4646, 5502, 5488
201508281952,3685, 0596, 1695
201508281953,1605, 6707, 4710
201508281954,8247, 1312, 6688
201508281955,2182, 2441, 2908
201508281956,3704, 3365, 6005
201508281957,2630, 7630, 1177
201508281958,6292, 8233, 7318
201508281959,6920, 3571, 0434
201508282000,2450, 5450, 0394
201508282001,9937, 6106, 4378
201508282002,0234, 1238, 6403
201508282003,9082, 3566, 8318
201508282004,8970, 5374, 0572
201508282005,9721, 6193, 2531
201508282006,5166, 3558, 4834
201508282007,0830, 4093, 4419
201508282008,8132, 0301, 3003
201508282009,2389, 8266, 3464
201508282010,0405, 1314, 6324
201508282011,5227, 1834, 9190
201508282012,0835, 8587, 3482
201508282013,1058, 2233, 4893
201508282014,3847, 1504, 2402
201508282015,6064, 2535, 0184
201508282016,4802, 6279, 1173
201508282017,0845, 3812, 6300
201508282018,3498, 0077, 4285
201508282019,8915, 1658, 4076
201508282020,3249, 5373, 5126
201508282021,5397, 1295, 6177
201508282022,5606, 4068, 2232
201508282023,6031, 2327, 7081
201508282024,4282, 7314, 2378
201508282025,6310, 7816, 1251
201508282026,6998, 3834, 8644
201508282027,6040, 4039, 8444
201508282028,2731, 1248, 4966
201508282029,9948, 5016, 0006
201508282030,3527, 1727, 4090
201508282031,7657, 3235, 9173
201508282032,2275, 9929, 3861
201508282033,5369, 6809, 4347
201508282034,8699, 7085, 8955
201508282035,2805, 8755, 2323
201508282036,6808, 6573, 7414
201508282037,8831, 3928, 0796
201508282038,6909, 8124, 6489
201508282039,4015, 5285, 2619
201508282040,6921, 3457, 1861
201508282041,7713, 0295, 9773
201508282042,6604, 5846, 9891
201508282043,6449, 6860, 6041
201508282044,9546, 9646, 7012
201508282045,2950, 5561, 8159
201508282046,0568, 5022, 8552
201508282047,0373, 1070, 9203
201508282048,2125, 5325, 9128
201508282049,2273, 4360, 7554
201508282050,9857, 0794, 7671
201508282051,2497, 8132, 6813
201508282052,1351, 9093, 7656
201508282053,4337, 6431, 9507
201508282054,7932, 7649, 7479
201508282055,6670, 0595, 9849
201508282056,0922, 8898, 0491
201508282057,3727, 4362, 3842
201508282058,2051, 9942, 7640
201508282059,3673, 5495, 3808
201508282100,8950, 4997, 9421
201508282101,2877, 8814, 2323
201508282102,5028, 8325, 5005
201508282103,8121, 3760, 0521
201508282104,1928, 1652, 6449
201508282105,9530, 7129, 7134
201508282106,0938, 4581, 6736
201508282107,8633, 2557, 5200
201508282108,3097, 1077, 7967
201508282109,4769, 1889, 4303
201508282110,1897, 3253, 2624
201508282111,8158, 0612, 0059
201508282112,3221, 2885, 8857
201508282113,0109, 4869, 3736
201508282114,8249, 9492, 6718
201508282115,1788, 8322, 0271
201508282116,2429, 7472, 1979
201508282117,7915, 6202, 9361
201508282118,4317, 5744, 8208
201508282119,8287, 5613, 7874
201508282120,7729, 6630, 2916
201508282121,3256, 0659, 6680
201508282122,8316, 5033, 0869
201508282123,0302, 7036, 8308
201508282124,7465, 6889, 1312
201508282125,7198, 0039, 6635
201508282126,8112, 9418, 2013
201508282127,6741, 0298, 8188
201508282128,2136, 8378, 0081
201508282129,4648, 7864, 2911
201508282130,9993, 0168, 7745
201508282131,4732, 8128, 2662
201508282132,3553, 2266, 6657
201508282133,0398, 5444, 0655
201508282134,9215, 5641, 0372
201508282135,9736, 0024, 0736
201508282136,4827, 6071, 4448
201508282137,5215, 8605, 1208
201508282138,8472, 1857, 4225
201508282139,9881, 7552, 7038
201508282140,8127, 6074, 5143
201508282141,4605, 6606, 3739
201508282142,8053, 8184, 6338
201508282143,8219, 7298, 5321
201508282144,5299, 3228, 6742
201508282145,7294, 3729, 1037
201508282146,3091, 5559, 8761
201508282147,5583, 5928, 9160
201508282148,3851, 7719, 7182
201508282149,8097, 8794, 0288
201508282150,0401, 4323, 7595
201508282151,4045, 4859, 5540
201508282152,2482, 4196, 8892
201508282153,5327, 0499, 7163
201508282154,8962, 7954, 7308
201508282155,5743, 9168, 2508
201508282156,8560, 3312, 7548
201508282157,8520, 4455, 6960
201508282158,6995, 3056, 6166
201508282159,7933, 7192, 1221
201508282200,8533, 0819, 3797
201508282201,2681, 4701, 6007
201508282202,6416, 1315, 6726
201508282203,5226, 6908, 2636
201508282204,2703, 5413, 3665
201508282205,2251, 0044, 3857
201508282206,4927, 9645, 7248
201508282207,0784, 4827, 0738
201508282208,4243, 4170, 3587
201508282209,3295, 8777, 6299
201508282210,7111, 7523, 1689
201508282211,2761, 4019, 5100
201508282212,1949, 1784, 4839
201508282213,1751, 5308, 2244
201508282214,5394, 7428, 0039
201508282215,1251, 3208, 0382
201508282216,6929, 8252, 6715
201508282217,1013, 1937, 8618
201508282218,0177, 8825, 4860
201508282219,2379, 5122, 8515
201508282220,5156, 0631, 8616
201508282221,5667, 7466, 5495
201508282222,5334, 6218, 3484
201508282223,6027, 8137, 4105
201508282224,2797, 9641, 9823
201508282225,0417, 3993, 4412
201508282226,5229, 5708, 1798
201508282227,9420, 2865, 9029
201508282228,4179, 9609, 9439
201508282229,8146, 0877, 6262
201508282230,2148, 3495, 5836
201508282231,2369, 4828, 1264
201508282232,2894, 7681, 2560
201508282233,5802, 0325, 0169
201508282234,8285, 5219, 5629
201508282235,8107, 6159, 3063
201508282236,2688, 0978, 7757
201508282237,7840, 2413, 2074
201508282238,7740, 2219, 5781
201508282239,1324, 0084, 4341
201508282240,3098, 3392, 9132
201508282241,3191, 1529, 8569
201508282242,4151, 0531, 3262
201508282243,1716, 2915, 2539
201508282244,9629, 5676, 9984
201508282245,6414, 9271, 4661
201508282246,8730, 5713, 5965
201508282247,1216, 6011, 4955
201508282248,8476, 7058, 2884
201508282249,0562, 2086, 9942
201508282250,7075, 3193, 8933
201508282251,0762, 9112, 6148
201508282252,3778, 1759, 3302
201508282253,7851, 4613, 7122
201508282254,0074, 9767, 3007
201508282255,2458, 3422, 8773
201508282256,2794, 5607, 5797
201508282257,3597, 0292, 6516
201508282258,5498, 9576, 6355
201508282259,5155, 5969, 6780
201508282300,3796, 8453, 7593
201508282301,7463, 6743, 7836
201508282302,7414, 8651, 7864
201508282303,7338, 3823, 6163
201508282304,9437, 0912, 4078
201508282305,4597, 7620, 0455
201508282306,9951, 5502, 1554
201508282307,2636, 9492, 5815
201508282308,0023, 6142, 6604
201508282309,0251, 2607, 8876
201508282310,0292, 5223, 4686
201508282311,0490, 1452, 1967
201508282312,2620, 5427, 0422
201508282313,1550, 4485, 3854
201508282314,1554, 5126, 0259
201508282315,9117, 5139, 2013
201508282316,9037, 1301, 1112
201508282317,4776, 5698, 8539
201508282318,6307, 9295, 5766
201508282319,9336, 2261, 2468
201508282320,5530, 0106, 1347
201508282321,9169, 7218, 3174
201508282322,9396, 1385, 4905
201508282323,2199, 3351, 7885
201508282324,4603, 0168, 4500
201508282325,5868, 2949, 8668
201508282326,9870, 4537, 1733
201508282327,2206, 0694, 5499
201508282328,6036, 3923, 8095
201508282329,2913, 1794, 5897
201508282330,5352, 3851, 1287
201508282331,1187, 8367, 5459
201508282332,8143, 2425, 2143
201508282333,2166, 9150, 0242
201508282334,6330, 2396, 2053
201508282335,2749, 5173, 4087
201508282336,7949, 0435, 9508
201508282337,7256, 1716, 7562
201508282338,1309, 3892, 4484
201508282339,7227, 5558, 2984
201508282340,1782, 7262, 4801
201508282341,2303, 2146, 0125
201508282342,3113, 4894, 2570
201508282343,0918, 0630, 8850
201508282344,7641, 0086, 4819
201508282345,2089, 4012, 0480
201508282346,5908, 6287, 2174
201508282347,1545, 1540, 0435
201508282348,6614, 3151, 2243
201508282349,2462, 5315, 7397
201508282350,5684, 0696, 2435
201508282351,9859, 0108, 2593
201508282352,5190, 5663, 6433
201508282353,9472, 5018, 3692
201508282354,2731, 1890, 4604
201508282355,4305, 9792, 9757
201508282356,1529, 4336, 6549
201508282357,5532, 5956, 9610
201508282358,4425, 5356, 4514
201508282359,0478, 8425, 3564
